2020.09.03,23:00,0.7272,0.7276,0.7271,0.7276,65
2020.09.03,23:15,0.7275,0.7278,0.7274,0.7278,46
2020.09.03,23:30,0.7277,0.7278,0.7273,0.7275,57
2020.09.03,23:45,0.7276,0.7276,0.7273,0.7275,71
2020.09.04,00:00,0.7276,0.7276,0.7269,0.7273,61
2020.09.04,00:15,0.7274,0.7277,0.7273,0.7276,48
2020.09.04,00:30,0.7277,0.7277,0.7275,0.7277,47
2020.09.04,00:45,0.7276,0.7277,0.7274,0.7275,42
2020.09.04,01:00,0.7274,0.7275,0.7271,0.7274,53
2020.09.04,01:15,0.7273,0.7274,0.7268,0.7271,53
2020.09.04,01:30,0.7272,0.7272,0.7268,0.7270,59
2020.09.04,01:45,0.7269,0.7270,0.7267,0.7267,59
2020.09.04,02:00,0.7268,0.7270,0.7262,0.7263,78
2020.09.04,02:15,0.7262,0.7265,0.7259,0.7262,89
2020.09.04,02:30,0.7261,0.7262,0.7256,0.7259,77
2020.09.04,02:45,0.7258,0.7259,0.7254,0.7257,68
2020.09.04,03:00,0.7258,0.7267,0.7258,0.7265,78
2020.09.04,03:15,0.7264,0.7273,0.7264,0.7269,72
2020.09.04,03:30,0.7268,0.7276,0.7266,0.7275,68
2020.09.04,03:45,0.7276,0.7278,0.7272,0.7272,81
2020.09.04,04:00,0.7273,0.7281,0.7273,0.7277,75
2020.09.04,04:15,0.7278,0.7281,0.7274,0.7278,69
2020.09.04,04:30,0.7277,0.7278,0.7272,0.7278,66
2020.09.04,04:45,0.7277,0.7279,0.7275,0.7277,71
2020.09.04,05:00,0.7276,0.7277,0.7272,0.7274,75
2020.09.04,05:15,0.7275,0.7281,0.7272,0.7274,68
2020.09.04,05:30,0.7273,0.7275,0.7269,0.7275,65
2020.09.04,05:45,0.7274,0.7275,0.7267,0.7268,75
2020.09.04,06:00,0.7267,0.7273,0.7267,0.7271,65
2020.09.04,06:15,0.7270,0.7275,0.7269,0.7273,70
2020.09.04,06:30,0.7272,0.7274,0.7270,0.7272,75
2020.09.04,06:45,0.7271,0.7274,0.7270,0.7273,67
2020.09.04,07:00,0.7274,0.7274,0.7271,0.7273,62
2020.09.04,07:15,0.7272,0.7277,0.7271,0.7275,60
2020.09.04,07:30,0.7276,0.7278,0.7273,0.7274,73
2020.09.04,07:45,0.7273,0.7276,0.7272,0.7275,59
2020.09.04,08:00,0.7274,0.7276,0.7272,0.7273,64
2020.09.04,08:15,0.7274,0.7274,0.7270,0.7272,67
2020.09.04,08:30,0.7271,0.7273,0.7267,0.7272,72
2020.09.04,08:45,0.7273,0.7276,0.7269,0.7272,68
2020.09.04,09:00,0.7271,0.7274,0.7269,0.7272,78
2020.09.04,09:15,0.7271,0.7272,0.7267,0.7270,76
2020.09.04,09:30,0.7271,0.7272,0.7264,0.7268,84
2020.09.04,09:45,0.7269,0.7274,0.7267,0.7270,68
2020.09.04,10:00,0.7269,0.7277,0.7263,0.7275,95
2020.09.04,10:15,0.7274,0.7283,0.7274,0.7278,83
2020.09.04,10:30,0.7279,0.7287,0.7277,0.7279,101
2020.09.04,10:45,0.7280,0.7288,0.7277,0.7285,102
2020.09.04,11:00,0.7284,0.7288,0.7283,0.7288,77
2020.09.04,11:15,0.7287,0.7291,0.7282,0.7284,82
2020.09.04,11:30,0.7283,0.7290,0.7280,0.7289,77
2020.09.04,11:45,0.7288,0.7295,0.7288,0.7293,72
2020.09.04,12:00,0.7292,0.7297,0.7290,0.7292,85
2020.09.04,12:15,0.7291,0.7294,0.7286,0.7290,68
2020.09.04,12:30,0.7289,0.7292,0.7285,0.7291,79
2020.09.04,12:45,0.7290,0.7296,0.7290,0.7296,67
2020.09.04,13:00,0.7295,0.7299,0.7291,0.7296,80
2020.09.04,13:15,0.7295,0.7296,0.7290,0.7290,70
2020.09.04,13:30,0.7289,0.7291,0.7286,0.7287,71
2020.09.04,13:45,0.7286,0.7288,0.7282,0.7284,77
2020.09.04,14:00,0.7285,0.7287,0.7280,0.7282,78
2020.09.04,14:15,0.7281,0.7284,0.7278,0.7282,76
2020.09.04,14:30,0.7283,0.7284,0.7276,0.7279,73
2020.09.04,14:45,0.7278,0.7279,0.7274,0.7274,77
2020.09.04,15:00,0.7273,0.7278,0.7270,0.7272,92
2020.09.04,15:15,0.7271,0.7279,0.7271,0.7277,93
2020.09.04,15:30,0.7278,0.7283,0.7266,0.7281,299
2020.09.04,15:45,0.7280,0.7283,0.7265,0.7270,161
2020.09.04,16:00,0.7269,0.7270,0.7262,0.7263,147
2020.09.04,16:15,0.7262,0.7264,0.7253,0.7255,120
2020.09.04,16:30,0.7254,0.7268,0.7244,0.7249,186
2020.09.04,16:45,0.7250,0.7252,0.7239,0.7242,135
2020.09.04,17:00,0.7241,0.7246,0.7235,0.7235,156
2020.09.04,17:15,0.7236,0.7241,0.7228,0.7234,159
2020.09.04,17:30,0.7235,0.7241,0.7225,0.7228,204
2020.09.04,17:45,0.7229,0.7250,0.7229,0.7247,187
2020.09.04,18:00,0.7248,0.7248,0.7232,0.7243,152
2020.09.04,18:15,0.7244,0.7247,0.7239,0.7241,112
2020.09.04,18:30,0.7242,0.7262,0.7242,0.7256,131
2020.09.04,18:45,0.7257,0.7267,0.7257,0.7267,95
2020.09.04,19:00,0.7266,0.7271,0.7263,0.7265,104
2020.09.04,19:15,0.7266,0.7280,0.7264,0.7279,106
2020.09.04,19:30,0.7278,0.7282,0.7277,0.7281,100
2020.09.04,19:45,0.7280,0.7284,0.7278,0.7284,89
2020.09.04,20:00,0.7283,0.7285,0.7279,0.7284,100
2020.09.04,20:15,0.7283,0.7288,0.7280,0.7283,103
2020.09.04,20:30,0.7282,0.7287,0.7281,0.7287,90
2020.09.04,20:45,0.7286,0.7290,0.7284,0.7288,93
2020.09.04,21:00,0.7287,0.7289,0.7284,0.7284,86
2020.09.04,21:15,0.7285,0.7295,0.7285,0.7295,109
2020.09.04,21:30,0.7294,0.7300,0.7292,0.7299,76
2020.09.04,21:45,0.7298,0.7301,0.7294,0.7300,95
2020.09.04,22:00,0.7299,0.7300,0.7293,0.7295,101
2020.09.04,22:15,0.7296,0.7301,0.7295,0.7298,89
2020.09.04,22:30,0.7297,0.7300,0.7293,0.7299,91
2020.09.04,22:45,0.7298,0.7301,0.7296,0.7297,102
2020.09.04,23:00,0.7296,0.7298,0.7295,0.7297,70
2020.09.04,23:15,0.7296,0.7297,0.7290,0.7292,53
2020.09.04,23:30,0.7291,0.7293,0.7288,0.7289,41
2020.09.04,23:45,0.7288,0.7292,0.7282,0.7284,45
2020.09.07,00:00,0.7289,0.7292,0.7283,0.7289,38
2020.09.07,00:15,0.7288,0.7290,0.7285,0.7288,17
2020.09.07,00:30,0.7289,0.7295,0.7284,0.7284,45
2020.09.07,00:45,0.7285,0.7288,0.7284,0.7287,41
2020.09.07,01:00,0.7288,0.7288,0.7277,0.7279,75
2020.09.07,01:15,0.7280,0.7281,0.7276,0.7280,69
2020.09.07,01:30,0.7281,0.7283,0.7279,0.7283,72
2020.09.07,01:45,0.7282,0.7287,0.7281,0.7282,65
2020.09.07,02:00,0.7283,0.7290,0.7283,0.7289,75
2020.09.07,02:15,0.7288,0.7289,0.7282,0.7287,88
2020.09.07,02:30,0.7286,0.7290,0.7285,0.7288,73
2020.09.07,02:45,0.7287,0.7288,0.7281,0.7284,80
2020.09.07,03:00,0.7283,0.7288,0.7283,0.7285,79
2020.09.07,03:15,0.7284,0.7290,0.7284,0.7284,73
2020.09.07,03:30,0.7285,0.7294,0.7283,0.7290,84
2020.09.07,03:45,0.7291,0.7301,0.7288,0.7289,91
2020.09.07,04:00,0.7288,0.7292,0.7287,0.7292,87
2020.09.07,04:15,0.7291,0.7294,0.7287,0.7289,105
2020.09.07,04:30,0.7290,0.7297,0.7289,0.7294,95
2020.09.07,04:45,0.7293,0.7296,0.7287,0.7287,77
2020.09.07,05:00,0.7288,0.7290,0.7284,0.7287,88
2020.09.07,05:15,0.7286,0.7290,0.7284,0.7287,72
2020.09.07,05:30,0.7286,0.7288,0.7282,0.7286,78
2020.09.07,05:45,0.7285,0.7289,0.7284,0.7287,71
2020.09.07,06:00,0.7288,0.7288,0.7284,0.7286,75
2020.09.07,06:15,0.7287,0.7288,0.7284,0.7287,69
2020.09.07,06:30,0.7286,0.7287,0.7284,0.7287,50
2020.09.07,06:45,0.7288,0.7291,0.7285,0.7289,56
2020.09.07,07:00,0.7288,0.7291,0.7284,0.7286,65
2020.09.07,07:15,0.7285,0.7288,0.7284,0.7287,67
2020.09.07,07:30,0.7286,0.7290,0.7286,0.7290,71
2020.09.07,07:45,0.7289,0.7291,0.7287,0.7287,71
2020.09.07,08:00,0.7286,0.7289,0.7285,0.7287,56
2020.09.07,08:15,0.7286,0.7289,0.7285,0.7288,77
2020.09.07,08:30,0.7287,0.7289,0.7285,0.7289,71
2020.09.07,08:45,0.7288,0.7289,0.7278,0.7281,72
2020.09.07,09:00,0.7280,0.7285,0.7277,0.7278,83
2020.09.07,09:15,0.7277,0.7281,0.7272,0.7274,86
2020.09.07,09:30,0.7273,0.7279,0.7273,0.7277,74
2020.09.07,09:45,0.7278,0.7280,0.7275,0.7279,72
2020.09.07,10:00,0.7280,0.7280,0.7274,0.7279,88
2020.09.07,10:15,0.7278,0.7286,0.7275,0.7285,92
2020.09.07,10:30,0.7286,0.7286,0.7282,0.7285,92
2020.09.07,10:45,0.7284,0.7287,0.7279,0.7280,81
2020.09.07,11:00,0.7279,0.7287,0.7276,0.7286,74
2020.09.07,11:15,0.7285,0.7288,0.7282,0.7286,84
2020.09.07,11:30,0.7287,0.7291,0.7285,0.7287,77
2020.09.07,11:45,0.7286,0.7287,0.7282,0.7282,67
2020.09.07,12:00,0.7283,0.7285,0.7279,0.7280,82
2020.09.07,12:15,0.7281,0.7287,0.7279,0.7286,90
2020.09.07,12:30,0.7285,0.7288,0.7282,0.7286,72
2020.09.07,12:45,0.7287,0.7288,0.7283,0.7286,70
2020.09.07,13:00,0.7285,0.7287,0.7280,0.7281,85
2020.09.07,13:15,0.7280,0.7280,0.7274,0.7278,67
2020.09.07,13:30,0.7279,0.7282,0.7276,0.7282,68
2020.09.07,13:45,0.7281,0.7283,0.7279,0.7279,63
2020.09.07,14:00,0.7280,0.7284,0.7278,0.7284,67
2020.09.07,14:15,0.7283,0.7284,0.7280,0.7282,64
2020.09.07,14:30,0.7281,0.7286,0.7280,0.7286,62
2020.09.07,14:45,0.7285,0.7287,0.7282,0.7287,77
2020.09.07,15:00,0.7286,0.7288,0.7283,0.7287,70
2020.09.07,15:15,0.7288,0.7288,0.7283,0.7286,73
2020.09.07,15:30,0.7285,0.7286,0.7282,0.7286,68
2020.09.07,15:45,0.7285,0.7287,0.7282,0.7285,75
2020.09.07,16:00,0.7284,0.7285,0.7279,0.7282,85
2020.09.07,16:15,0.7281,0.7284,0.7279,0.7281,79
2020.09.07,16:30,0.7282,0.7285,0.7280,0.7285,64
2020.09.07,16:45,0.7284,0.7287,0.7283,0.7285,70
2020.09.07,17:00,0.7284,0.7288,0.7283,0.7285,80
2020.09.07,17:15,0.7286,0.7287,0.7283,0.7287,68
2020.09.07,17:30,0.7286,0.7288,0.7285,0.7287,78
2020.09.07,17:45,0.7286,0.7287,0.7281,0.7283,64
2020.09.07,18:00,0.7284,0.7286,0.7282,0.7285,50
2020.09.07,18:15,0.7284,0.7285,0.7281,0.7283,56
2020.09.07,18:30,0.7284,0.7284,0.7279,0.7281,52
2020.09.07,18:45,0.7280,0.7283,0.7279,0.7281,40
2020.09.07,19:00,0.7282,0.7282,0.7280,0.7282,25
2020.09.07,19:15,0.7281,0.7282,0.7280,0.7282,32
2020.09.07,19:30,0.7281,0.7282,0.7280,0.7281,33
2020.09.07,19:45,0.7280,0.7285,0.7280,0.7284,43
2020.09.07,20:00,0.7283,0.7284,0.7280,0.7280,58
2020.09.07,20:15,0.7281,0.7283,0.7280,0.7283,49
2020.09.07,20:30,0.7282,0.7284,0.7279,0.7282,47
2020.09.07,20:45,0.7281,0.7283,0.7279,0.7282,44
2020.09.07,21:00,0.7281,0.7282,0.7279,0.7282,82
2020.09.07,21:15,0.7280,0.7282,0.7279,0.7282,53
2020.09.07,21:30,0.7280,0.7282,0.7278,0.7279,48
2020.09.07,21:45,0.7280,0.7281,0.7277,0.7280,64
2020.09.07,22:00,0.7279,0.7282,0.7277,0.7280,64
2020.09.07,22:15,0.7281,0.7282,0.7277,0.7279,83
2020.09.07,22:30,0.7280,0.7281,0.7277,0.7280,64
2020.09.07,22:45,0.7279,0.7280,0.7278,0.7280,76
2020.09.07,23:00,0.7279,0.7281,0.7277,0.7278,70
2020.09.07,23:15,0.7279,0.7280,0.7277,0.7279,63
2020.09.07,23:30,0.7278,0.7280,0.7277,0.7279,47
2020.09.07,23:45,0.7278,0.7279,0.7276,0.7276,41
2020.09.08,00:00,0.7278,0.7280,0.7276,0.7277,41
2020.09.08,00:15,0.7278,0.7281,0.7277,0.7278,19
2020.09.08,00:30,0.7278,0.7282,0.7278,0.7280,33
2020.09.08,00:45,0.7279,0.7281,0.7278,0.7278,20
2020.09.08,01:00,0.7279,0.7281,0.7277,0.7280,46
2020.09.08,01:15,0.7279,0.7284,0.7278,0.7283,41
2020.09.08,01:30,0.7282,0.7284,0.7280,0.7280,53
2020.09.08,01:45,0.7281,0.7283,0.7279,0.7281,47
2020.09.08,02:00,0.7282,0.7284,0.7280,0.7284,63
2020.09.08,02:15,0.7283,0.7285,0.7282,0.7282,54
2020.09.08,02:30,0.7283,0.7284,0.7278,0.7280,70
2020.09.08,02:45,0.7281,0.7283,0.7280,0.7281,53
2020.09.08,03:00,0.7282,0.7289,0.7281,0.7288,74
2020.09.08,03:15,0.7287,0.7288,0.7282,0.7284,74
2020.09.08,03:30,0.7283,0.7285,0.7278,0.7279,73
2020.09.08,03:45,0.7278,0.7281,0.7276,0.7281,64
2020.09.08,04:00,0.7280,0.7281,0.7273,0.7278,74
2020.09.08,04:15,0.7277,0.7282,0.7275,0.7282,74
2020.09.08,04:30,0.7281,0.7283,0.7278,0.7280,70
2020.09.08,04:45,0.7279,0.7282,0.7278,0.7280,76
2020.09.08,05:00,0.7279,0.7283,0.7278,0.7281,63
2020.09.08,05:15,0.7282,0.7284,0.7278,0.7280,61
2020.09.08,05:30,0.7279,0.7281,0.7277,0.7278,60
2020.09.08,05:45,0.7279,0.7281,0.7278,0.7281,69
2020.09.08,06:00,0.7280,0.7281,0.7276,0.7281,65
2020.09.08,06:15,0.7280,0.7282,0.7278,0.7280,56
2020.09.08,06:30,0.7279,0.7282,0.7277,0.7280,62
2020.09.08,06:45,0.7279,0.7280,0.7276,0.7280,46
2020.09.08,07:00,0.7279,0.7280,0.7277,0.7279,47
2020.09.08,07:15,0.7280,0.7280,0.7276,0.7278,55
2020.09.08,07:30,0.7277,0.7280,0.7276,0.7279,49
2020.09.08,07:45,0.7278,0.7280,0.7277,0.7280,55
2020.09.08,08:00,0.7279,0.7281,0.7276,0.7280,55
2020.09.08,08:15,0.7279,0.7282,0.7278,0.7281,57
2020.09.08,08:30,0.7282,0.7282,0.7277,0.7278,61
2020.09.08,08:45,0.7277,0.7291,0.7277,0.7291,69
2020.09.08,09:00,0.7290,0.7311,0.7290,0.7300,151
2020.09.08,09:15,0.7299,0.7305,0.7299,0.7303,99
2020.09.08,09:30,0.7302,0.7303,0.7294,0.7296,101
2020.09.08,09:45,0.7295,0.7300,0.7293,0.7298,72
2020.09.08,10:00,0.7299,0.7301,0.7293,0.7295,90
2020.09.08,10:15,0.7296,0.7297,0.7290,0.7292,85
2020.09.08,10:30,0.7293,0.7294,0.7289,0.7292,78
2020.09.08,10:45,0.7291,0.7299,0.7291,0.7296,76
2020.09.08,11:00,0.7295,0.7297,0.7291,0.7294,90
2020.09.08,11:15,0.7293,0.7294,0.7285,0.7288,86
2020.09.08,11:30,0.7287,0.7290,0.7276,0.7277,78
2020.09.08,11:45,0.7276,0.7279,0.7269,0.7271,84
2020.09.08,12:00,0.7272,0.7273,0.7267,0.7269,79
2020.09.08,12:15,0.7268,0.7269,0.7261,0.7267,86
2020.09.08,12:30,0.7266,0.7267,0.7257,0.7257,92
2020.09.08,12:45,0.7258,0.7261,0.7253,0.7256,77
2020.09.08,13:00,0.7255,0.7262,0.7252,0.7259,89
2020.09.08,13:15,0.7258,0.7261,0.7255,0.7257,78
2020.09.08,13:30,0.7256,0.7259,0.7250,0.7258,100
2020.09.08,13:45,0.7257,0.7266,0.7257,0.7260,92
2020.09.08,14:00,0.7259,0.7263,0.7251,0.7254,82
2020.09.08,14:15,0.7253,0.7256,0.7247,0.7251,79
2020.09.08,14:30,0.7250,0.7251,0.7244,0.7245,81
2020.09.08,14:45,0.7246,0.7251,0.7244,0.7248,93
2020.09.08,15:00,0.7247,0.7248,0.7237,0.7239,85
2020.09.08,15:15,0.7238,0.7251,0.7237,0.7244,101
2020.09.08,15:30,0.7243,0.7249,0.7241,0.7246,153
2020.09.08,15:45,0.7247,0.7248,0.7236,0.7242,92
2020.09.08,16:00,0.7241,0.7244,0.7236,0.7238,116
2020.09.08,16:15,0.7239,0.7239,0.7231,0.7232,116
2020.09.08,16:30,0.7231,0.7238,0.7223,0.7223,175
2020.09.08,16:45,0.7222,0.7236,0.7219,0.7234,146
2020.09.08,17:00,0.7233,0.7250,0.7224,0.7249,177
2020.09.08,17:15,0.7248,0.7250,0.7241,0.7247,164
2020.09.08,17:30,0.7246,0.7249,0.7236,0.7240,170
2020.09.08,17:45,0.7241,0.7243,0.7233,0.7237,179
2020.09.08,18:00,0.7238,0.7244,0.7233,0.7241,138
2020.09.08,18:15,0.7240,0.7244,0.7237,0.7240,129
2020.09.08,18:30,0.7239,0.7243,0.7232,0.7233,109
2020.09.08,18:45,0.7234,0.7234,0.7226,0.7231,104
2020.09.08,19:00,0.7232,0.7241,0.7231,0.7240,105
2020.09.08,19:15,0.7239,0.7246,0.7238,0.7241,91
2020.09.08,19:30,0.7242,0.7244,0.7239,0.7241,90
2020.09.08,19:45,0.7240,0.7244,0.7239,0.7243,86
2020.09.08,20:00,0.7244,0.7244,0.7237,0.7241,70
2020.09.08,20:15,0.7240,0.7242,0.7238,0.7240,87
2020.09.08,20:30,0.7241,0.7241,0.7236,0.7239,75
2020.09.08,20:45,0.7238,0.7244,0.7237,0.7240,89
2020.09.08,21:00,0.7241,0.7242,0.7236,0.7236,78
2020.09.08,21:15,0.7237,0.7238,0.7229,0.7231,83
2020.09.08,21:30,0.7230,0.7231,0.7223,0.7224,84
2020.09.08,21:45,0.7225,0.7225,0.7215,0.7219,85
2020.09.08,22:00,0.7218,0.7218,0.7212,0.7215,98
2020.09.08,22:15,0.7214,0.7218,0.7212,0.7218,93
2020.09.08,22:30,0.7217,0.7223,0.7215,0.7223,97
2020.09.08,22:45,0.7222,0.7223,0.7215,0.7217,96
2020.09.08,23:00,0.7216,0.7221,0.7216,0.7218,59
2020.09.08,23:15,0.7219,0.7222,0.7217,0.7221,43
2020.09.08,23:30,0.7222,0.7222,0.7215,0.7217,56
2020.09.08,23:45,0.7216,0.7217,0.7213,0.7216,68
2020.09.09,00:00,0.7215,0.7220,0.7213,0.7219,56
2020.09.09,00:15,0.7218,0.7218,0.7210,0.7211,48
2020.09.09,00:30,0.7212,0.7213,0.7208,0.7210,52
2020.09.09,00:45,0.7209,0.7210,0.7200,0.7204,54
2020.09.09,01:00,0.7203,0.7205,0.7194,0.7196,83
2020.09.09,01:15,0.7197,0.7207,0.7195,0.7206,84
2020.09.09,01:30,0.7207,0.7210,0.7205,0.7208,72
2020.09.09,01:45,0.7209,0.7209,0.7206,0.7207,63
2020.09.09,02:00,0.7206,0.7208,0.7203,0.7206,81
2020.09.09,02:15,0.7205,0.7211,0.7204,0.7209,69
2020.09.09,02:30,0.7210,0.7214,0.7206,0.7212,75
2020.09.09,02:45,0.7213,0.7214,0.7209,0.7212,64
2020.09.09,03:00,0.7213,0.7215,0.7208,0.7213,93
2020.09.09,03:15,0.7212,0.7220,0.7211,0.7218,77
2020.09.09,03:30,0.7217,0.7223,0.7216,0.7222,78
2020.09.09,03:45,0.7221,0.7223,0.7216,0.7218,82
2020.09.09,04:00,0.7219,0.7219,0.7209,0.7214,82
2020.09.09,04:15,0.7215,0.7218,0.7211,0.7217,69
2020.09.09,04:30,0.7218,0.7224,0.7215,0.7221,98
2020.09.09,04:45,0.7222,0.7224,0.7219,0.7222,91
2020.09.09,05:00,0.7221,0.7225,0.7216,0.7225,75
2020.09.09,05:15,0.7224,0.7225,0.7217,0.7222,73
2020.09.09,05:30,0.7221,0.7222,0.7218,0.7220,74
2020.09.09,05:45,0.7221,0.7223,0.7218,0.7222,62
2020.09.09,06:00,0.7221,0.7225,0.7221,0.7224,78
2020.09.09,06:15,0.7223,0.7228,0.7220,0.7223,73
2020.09.09,06:30,0.7222,0.7222,0.7218,0.7218,49
2020.09.09,06:45,0.7217,0.7223,0.7217,0.7222,48
2020.09.09,07:00,0.7221,0.7223,0.7218,0.7222,64
2020.09.09,07:15,0.7221,0.7230,0.7220,0.7229,77
2020.09.09,07:30,0.7228,0.7230,0.7225,0.7225,72
2020.09.09,07:45,0.7226,0.7227,0.7224,0.7227,68
2020.09.09,08:00,0.7228,0.7233,0.7226,0.7232,85
2020.09.09,08:15,0.7231,0.7232,0.7228,0.7229,75
2020.09.09,08:30,0.7228,0.7230,0.7224,0.7225,68
2020.09.09,08:45,0.7226,0.7229,0.7224,0.7227,90
2020.09.09,09:00,0.7228,0.7229,0.7216,0.7218,73
2020.09.09,09:15,0.7217,0.7218,0.7213,0.7218,78
2020.09.09,09:30,0.7217,0.7218,0.7208,0.7210,76
2020.09.09,09:45,0.7211,0.7215,0.7209,0.7215,83
2020.09.09,10:00,0.7214,0.7221,0.7213,0.7221,90
2020.09.09,10:15,0.7220,0.7230,0.7218,0.7227,98
2020.09.09,10:30,0.7228,0.7232,0.7226,0.7231,98
2020.09.09,10:45,0.7230,0.7235,0.7229,0.7233,96
2020.09.09,11:00,0.7232,0.7245,0.7230,0.7239,108
2020.09.09,11:15,0.7240,0.7241,0.7235,0.7237,90
2020.09.09,11:30,0.7236,0.7236,0.7227,0.7230,75
2020.09.09,11:45,0.7229,0.7236,0.7228,0.7231,79
2020.09.09,12:00,0.7232,0.7235,0.7226,0.7235,76
2020.09.09,12:15,0.7234,0.7236,0.7231,0.7234,75
2020.09.09,12:30,0.7233,0.7239,0.7232,0.7237,77
2020.09.09,12:45,0.7238,0.7241,0.7236,0.7239,74
2020.09.09,13:00,0.7238,0.7244,0.7237,0.7239,74
2020.09.09,13:15,0.7238,0.7241,0.7237,0.7241,58
2020.09.09,13:30,0.7242,0.7242,0.7235,0.7237,72
2020.09.09,13:45,0.7236,0.7237,0.7233,0.7236,73
2020.09.09,14:00,0.7235,0.7238,0.7232,0.7234,72
2020.09.09,14:15,0.7235,0.7240,0.7233,0.7237,79
2020.09.09,14:30,0.7236,0.7240,0.7231,0.7234,81
2020.09.09,14:45,0.7235,0.7238,0.7230,0.7237,81
2020.09.09,15:00,0.7238,0.7242,0.7235,0.7241,97
2020.09.09,15:15,0.7240,0.7250,0.7238,0.7249,98
2020.09.09,15:30,0.7248,0.7251,0.7245,0.7249,88
2020.09.09,15:45,0.7250,0.7268,0.7248,0.7259,160
2020.09.09,16:00,0.7258,0.7266,0.7255,0.7265,106
2020.09.09,16:15,0.7266,0.7279,0.7264,0.7272,133
2020.09.09,16:30,0.7271,0.7275,0.7263,0.7271,154
2020.09.09,16:45,0.7270,0.7278,0.7268,0.7274,119
2020.09.09,17:00,0.7275,0.7278,0.7269,0.7274,191
2020.09.09,17:15,0.7275,0.7280,0.7272,0.7277,127
2020.09.09,17:30,0.7278,0.7285,0.7277,0.7283,115
2020.09.09,17:45,0.7284,0.7285,0.7272,0.7273,126
2020.09.09,18:00,0.7274,0.7280,0.7273,0.7279,94
2020.09.09,18:15,0.7278,0.7281,0.7275,0.7281,74
2020.09.09,18:30,0.7280,0.7280,0.7273,0.7274,81
2020.09.09,18:45,0.7275,0.7278,0.7273,0.7276,77
2020.09.09,19:00,0.7277,0.7283,0.7274,0.7282,80
2020.09.09,19:15,0.7281,0.7281,0.7277,0.7280,82
2020.09.09,19:30,0.7279,0.7280,0.7276,0.7280,66
2020.09.09,19:45,0.7279,0.7281,0.7278,0.7278,74
2020.09.09,20:00,0.7279,0.7290,0.7277,0.7284,82
2020.09.09,20:15,0.7283,0.7284,0.7275,0.7277,81
2020.09.09,20:30,0.7276,0.7277,0.7271,0.7273,78
2020.09.09,20:45,0.7272,0.7276,0.7271,0.7275,82
2020.09.09,21:00,0.7276,0.7277,0.7272,0.7274,83
2020.09.09,21:15,0.7275,0.7277,0.7274,0.7276,72
2020.09.09,21:30,0.7277,0.7278,0.7274,0.7276,68
2020.09.09,21:45,0.7275,0.7278,0.7273,0.7273,81
2020.09.09,22:00,0.7274,0.7281,0.7274,0.7277,60
2020.09.09,22:15,0.7276,0.7283,0.7275,0.7283,71
2020.09.09,22:30,0.7282,0.7285,0.7281,0.7283,72
2020.09.09,22:45,0.7282,0.7287,0.7280,0.7284,89
2020.09.09,23:00,0.7283,0.7286,0.7281,0.7286,56
2020.09.09,23:15,0.7285,0.7287,0.7283,0.7287,31
2020.09.09,23:30,0.7286,0.7287,0.7284,0.7285,44
2020.09.09,23:45,0.7286,0.7286,0.7283,0.7285,48
2020.09.10,00:00,0.7284,0.7284,0.7277,0.7281,59
2020.09.10,00:15,0.7280,0.7283,0.7276,0.7282,65
2020.09.10,00:30,0.7282,0.7284,0.7281,0.7282,23
2020.09.10,00:45,0.7283,0.7285,0.7282,0.7285,21
2020.09.10,01:00,0.7283,0.7286,0.7282,0.7283,55
2020.09.10,01:15,0.7284,0.7286,0.7283,0.7284,41
2020.09.10,01:30,0.7285,0.7289,0.7284,0.7284,56
2020.09.10,01:45,0.7285,0.7286,0.7283,0.7283,47
2020.09.10,02:00,0.7284,0.7286,0.7280,0.7282,57
2020.09.10,02:15,0.7281,0.7283,0.7279,0.7282,64
2020.09.10,02:30,0.7281,0.7283,0.7278,0.7280,44
2020.09.10,02:45,0.7279,0.7282,0.7277,0.7278,52
2020.09.10,03:00,0.7277,0.7283,0.7274,0.7281,71
2020.09.10,03:15,0.7280,0.7283,0.7273,0.7275,65
2020.09.10,03:30,0.7274,0.7277,0.7269,0.7273,70
2020.09.10,03:45,0.7274,0.7274,0.7267,0.7270,67
2020.09.10,04:00,0.7271,0.7271,0.7265,0.7269,79
2020.09.10,04:15,0.7268,0.7270,0.7264,0.7269,80
2020.09.10,04:30,0.7270,0.7270,0.7264,0.7266,81
2020.09.10,04:45,0.7265,0.7273,0.7264,0.7273,79
2020.09.10,05:00,0.7274,0.7274,0.7266,0.7269,70
2020.09.10,05:15,0.7268,0.7271,0.7267,0.7271,54
2020.09.10,05:30,0.7270,0.7272,0.7268,0.7270,71
2020.09.10,05:45,0.7271,0.7274,0.7270,0.7272,74
2020.09.10,06:00,0.7271,0.7274,0.7269,0.7274,56
2020.09.10,06:15,0.7273,0.7275,0.7270,0.7273,69
2020.09.10,06:30,0.7272,0.7274,0.7271,0.7273,48
2020.09.10,06:45,0.7272,0.7273,0.7270,0.7273,60
2020.09.10,07:00,0.7272,0.7274,0.7269,0.7271,70
2020.09.10,07:15,0.7270,0.7274,0.7270,0.7272,65
2020.09.10,07:30,0.7271,0.7272,0.7267,0.7269,57
2020.09.10,07:45,0.7270,0.7272,0.7268,0.7271,54
2020.09.10,08:00,0.7272,0.7275,0.7271,0.7273,64
2020.09.10,08:15,0.7274,0.7281,0.7274,0.7279,68
2020.09.10,08:30,0.7280,0.7281,0.7277,0.7279,60
2020.09.10,08:45,0.7280,0.7283,0.7278,0.7282,59
2020.09.10,09:00,0.7281,0.7283,0.7278,0.7281,65
2020.09.10,09:15,0.7280,0.7287,0.7279,0.7283,80
2020.09.10,09:30,0.7282,0.7286,0.7279,0.7282,83
2020.09.10,09:45,0.7283,0.7285,0.7281,0.7282,70
2020.09.10,10:00,0.7283,0.7283,0.7272,0.7275,91
2020.09.10,10:15,0.7276,0.7277,0.7272,0.7275,66
2020.09.10,10:30,0.7274,0.7276,0.7269,0.7272,89
2020.09.10,10:45,0.7271,0.7279,0.7268,0.7272,82
2020.09.10,11:00,0.7271,0.7275,0.7270,0.7270,76
2020.09.10,11:15,0.7271,0.7272,0.7267,0.7272,78
2020.09.10,11:30,0.7271,0.7277,0.7271,0.7276,82
2020.09.10,11:45,0.7275,0.7277,0.7272,0.7273,69
2020.09.10,12:00,0.7272,0.7281,0.7271,0.7280,79
2020.09.10,12:15,0.7279,0.7279,0.7270,0.7272,70
2020.09.10,12:30,0.7271,0.7276,0.7271,0.7273,71
2020.09.10,12:45,0.7272,0.7276,0.7271,0.7274,67
2020.09.10,13:00,0.7273,0.7280,0.7273,0.7279,67
2020.09.10,13:15,0.7278,0.7280,0.7270,0.7270,73
2020.09.10,13:30,0.7271,0.7274,0.7268,0.7270,72
2020.09.10,13:45,0.7269,0.7276,0.7269,0.7274,68
2020.09.10,14:00,0.7273,0.7277,0.7270,0.7270,74
2020.09.10,14:15,0.7271,0.7274,0.7268,0.7272,58
2020.09.10,14:30,0.7271,0.7276,0.7267,0.7272,70
2020.09.10,14:45,0.7271,0.7277,0.7268,0.7276,82
2020.09.10,15:00,0.7277,0.7285,0.7275,0.7281,119
2020.09.10,15:15,0.7280,0.7284,0.7277,0.7279,80
2020.09.10,15:30,0.7278,0.7302,0.7275,0.7294,316
2020.09.10,15:45,0.7295,0.7302,0.7292,0.7295,153
2020.09.10,16:00,0.7296,0.7308,0.7295,0.7308,99
2020.09.10,16:15,0.7309,0.7319,0.7308,0.7314,90
2020.09.10,16:30,0.7315,0.7315,0.7305,0.7312,106
2020.09.10,16:45,0.7311,0.7327,0.7310,0.7318,120
2020.09.10,17:00,0.7317,0.7322,0.7312,0.7312,90
2020.09.10,17:15,0.7311,0.7315,0.7301,0.7303,89
2020.09.10,17:30,0.7304,0.7310,0.7300,0.7301,93
2020.09.10,17:45,0.7302,0.7302,0.7289,0.7293,132
2020.09.10,18:00,0.7292,0.7299,0.7290,0.7295,104
2020.09.10,18:15,0.7294,0.7296,0.7286,0.7290,115
2020.09.10,18:30,0.7289,0.7294,0.7285,0.7292,116
2020.09.10,18:45,0.7291,0.7295,0.7283,0.7289,97
2020.09.10,19:00,0.7288,0.7292,0.7286,0.7288,111
2020.09.10,19:15,0.7289,0.7293,0.7281,0.7285,85
2020.09.10,19:30,0.7286,0.7287,0.7277,0.7278,107
2020.09.10,19:45,0.7279,0.7282,0.7274,0.7281,85
2020.09.10,20:00,0.7280,0.7288,0.7280,0.7287,82
2020.09.10,20:15,0.7288,0.7290,0.7285,0.7286,81
2020.09.10,20:30,0.7287,0.7290,0.7285,0.7287,73
2020.09.10,20:45,0.7286,0.7287,0.7279,0.7282,92
2020.09.10,21:00,0.7281,0.7284,0.7272,0.7274,86
2020.09.10,21:15,0.7273,0.7274,0.7258,0.7258,106
2020.09.10,21:30,0.7259,0.7270,0.7259,0.7266,108
2020.09.10,21:45,0.7265,0.7273,0.7265,0.7270,102
2020.09.10,22:00,0.7269,0.7271,0.7258,0.7262,96
2020.09.10,22:15,0.7261,0.7264,0.7251,0.7257,115
2020.09.10,22:30,0.7256,0.7260,0.7253,0.7259,120
2020.09.10,22:45,0.7258,0.7259,0.7253,0.7255,137
2020.09.10,23:00,0.7256,0.7258,0.7253,0.7258,71
2020.09.10,23:15,0.7257,0.7260,0.7256,0.7259,57
2020.09.10,23:30,0.7258,0.7261,0.7258,0.7260,47
2020.09.10,23:45,0.7261,0.7261,0.7258,0.7260,53
2020.09.11,00:00,0.7259,0.7262,0.7257,0.7260,43
2020.09.11,00:15,0.7259,0.7260,0.7258,0.7259,15
2020.09.11,00:30,0.7260,0.7261,0.7257,0.7257,38
2020.09.11,00:45,0.7258,0.7262,0.7255,0.7259,64
2020.09.11,01:00,0.7258,0.7264,0.7257,0.7263,102
2020.09.11,01:15,0.7262,0.7265,0.7260,0.7265,74
2020.09.11,01:30,0.7264,0.7269,0.7264,0.7269,285
2020.09.11,01:45,0.7268,0.7270,0.7266,0.7269,56
2020.09.11,02:00,0.7268,0.7269,0.7264,0.7266,53
2020.09.11,02:15,0.7265,0.7268,0.7264,0.7265,69
2020.09.11,02:30,0.7264,0.7268,0.7263,0.7266,67
2020.09.11,02:45,0.7265,0.7268,0.7262,0.7264,68
2020.09.11,03:00,0.7263,0.7270,0.7262,0.7266,80
2020.09.11,03:15,0.7265,0.7275,0.7265,0.7271,65
2020.09.11,03:30,0.7270,0.7271,0.7266,0.7269,68
2020.09.11,03:45,0.7270,0.7275,0.7269,0.7272,77
2020.09.11,04:00,0.7273,0.7275,0.7271,0.7273,69
2020.09.11,04:15,0.7272,0.7275,0.7271,0.7273,76
2020.09.11,04:30,0.7274,0.7275,0.7270,0.7270,69
2020.09.11,04:45,0.7269,0.7271,0.7266,0.7270,74
2020.09.11,05:00,0.7269,0.7276,0.7269,0.7274,68
2020.09.11,05:15,0.7273,0.7276,0.7272,0.7275,68
2020.09.11,05:30,0.7274,0.7276,0.7270,0.7272,59
2020.09.11,05:45,0.7271,0.7273,0.7269,0.7273,73
2020.09.11,06:00,0.7272,0.7276,0.7271,0.7275,72
2020.09.11,06:15,0.7274,0.7276,0.7273,0.7276,63
2020.09.11,06:30,0.7275,0.7279,0.7274,0.7279,63
2020.09.11,06:45,0.7278,0.7280,0.7276,0.7277,56
2020.09.11,07:00,0.7278,0.7280,0.7276,0.7277,56
2020.09.11,07:15,0.7276,0.7280,0.7275,0.7279,60
2020.09.11,07:30,0.7278,0.7279,0.7275,0.7278,45
2020.09.11,07:45,0.7277,0.7281,0.7277,0.7279,55
2020.09.11,08:00,0.7278,0.7281,0.7277,0.7277,56
2020.09.11,08:15,0.7278,0.7279,0.7276,0.7279,50
2020.09.11,08:30,0.7278,0.7284,0.7276,0.7282,65
2020.09.11,08:45,0.7281,0.7286,0.7280,0.7282,64
2020.09.11,09:00,0.7283,0.7284,0.7277,0.7280,76
2020.09.11,09:15,0.7279,0.7283,0.7279,0.7282,76
2020.09.11,09:30,0.7281,0.7284,0.7280,0.7284,66
2020.09.11,09:45,0.7283,0.7288,0.7283,0.7287,61
2020.09.11,10:00,0.7286,0.7290,0.7284,0.7288,91
2020.09.11,10:15,0.7289,0.7299,0.7288,0.7295,93
2020.09.11,10:30,0.7294,0.7296,0.7289,0.7290,69
2020.09.11,10:45,0.7291,0.7292,0.7287,0.7291,73
2020.09.11,11:00,0.7290,0.7296,0.7289,0.7294,77
2020.09.11,11:15,0.7293,0.7295,0.7290,0.7292,76
2020.09.11,11:30,0.7291,0.7302,0.7290,0.7302,90
2020.09.11,11:45,0.7301,0.7302,0.7293,0.7297,75
2020.09.11,12:00,0.7296,0.7303,0.7295,0.7302,96
2020.09.11,12:15,0.7301,0.7302,0.7293,0.7298,70
2020.09.11,12:30,0.7297,0.7300,0.7295,0.7297,81
2020.09.11,12:45,0.7298,0.7302,0.7298,0.7300,67
2020.09.11,13:00,0.7299,0.7300,0.7295,0.7297,71
2020.09.11,13:15,0.7296,0.7301,0.7295,0.7301,68
2020.09.11,13:30,0.7300,0.7308,0.7298,0.7305,72
2020.09.11,13:45,0.7306,0.7306,0.7301,0.7306,81
2020.09.11,14:00,0.7305,0.7308,0.7302,0.7304,68
2020.09.11,14:15,0.7303,0.7305,0.7299,0.7300,82
2020.09.11,14:30,0.7301,0.7301,0.7297,0.7299,69
2020.09.11,14:45,0.7298,0.7302,0.7297,0.7299,66
2020.09.11,15:00,0.7298,0.7302,0.7297,0.7300,69
2020.09.11,15:15,0.7299,0.7302,0.7297,0.7298,76
2020.09.11,15:30,0.7299,0.7299,0.7290,0.7290,99
2020.09.11,15:45,0.7289,0.7293,0.7287,0.7290,88
2020.09.11,16:00,0.7291,0.7298,0.7288,0.7298,80
2020.09.11,16:15,0.7299,0.7299,0.7292,0.7293,83
2020.09.11,16:30,0.7294,0.7296,0.7287,0.7296,109
2020.09.11,16:45,0.7295,0.7300,0.7291,0.7291,89
2020.09.11,17:00,0.7292,0.7297,0.7290,0.7295,100
2020.09.11,17:15,0.7294,0.7298,0.7293,0.7296,95
2020.09.11,17:30,0.7295,0.7296,0.7287,0.7287,93
2020.09.11,17:45,0.7286,0.7289,0.7277,0.7278,93
2020.09.11,18:00,0.7279,0.7287,0.7279,0.7285,83
2020.09.11,18:15,0.7284,0.7285,0.7277,0.7281,90
2020.09.11,18:30,0.7280,0.7280,0.7273,0.7275,98
2020.09.11,18:45,0.7274,0.7280,0.7273,0.7279,82
2020.09.11,19:00,0.7278,0.7285,0.7278,0.7284,73
2020.09.11,19:15,0.7283,0.7286,0.7282,0.7283,81
2020.09.11,19:30,0.7282,0.7283,0.7276,0.7278,81
2020.09.11,19:45,0.7277,0.7283,0.7276,0.7277,83
2020.09.11,20:00,0.7278,0.7278,0.7263,0.7267,91
2020.09.11,20:15,0.7268,0.7270,0.7263,0.7263,85
2020.09.11,20:30,0.7264,0.7268,0.7260,0.7266,89
2020.09.11,20:45,0.7265,0.7269,0.7265,0.7267,95
2020.09.11,21:00,0.7266,0.7275,0.7264,0.7273,78
2020.09.11,21:15,0.7274,0.7274,0.7270,0.7272,75
2020.09.11,21:30,0.7271,0.7279,0.7270,0.7278,84
2020.09.11,21:45,0.7277,0.7280,0.7275,0.7277,79
2020.09.11,22:00,0.7276,0.7277,0.7270,0.7275,86
2020.09.11,22:15,0.7276,0.7282,0.7274,0.7281,82
2020.09.11,22:30,0.7282,0.7286,0.7280,0.7283,82
2020.09.11,22:45,0.7282,0.7285,0.7280,0.7282,87
2020.09.11,23:00,0.7283,0.7283,0.7278,0.7280,50
2020.09.11,23:15,0.7279,0.7282,0.7279,0.7281,37
2020.09.11,23:30,0.7280,0.7281,0.7278,0.7281,26
2020.09.11,23:45,0.7282,0.7286,0.7280,0.7285,37
2020.09.14,00:00,0.7282,0.7283,0.7278,0.7280,27
2020.09.14,00:15,0.7279,0.7283,0.7278,0.7280,20
2020.09.14,00:30,0.7281,0.7284,0.7279,0.7281,25
2020.09.14,00:45,0.7280,0.7284,0.7280,0.7284,43
2020.09.14,01:00,0.7283,0.7288,0.7282,0.7287,89
2020.09.14,01:15,0.7286,0.7289,0.7285,0.7288,55
2020.09.14,01:30,0.7287,0.7289,0.7286,0.7289,41
2020.09.14,01:45,0.7288,0.7292,0.7287,0.7288,62
2020.09.14,02:00,0.7287,0.7288,0.7284,0.7285,59
2020.09.14,02:15,0.7284,0.7284,0.7279,0.7279,58
2020.09.14,02:30,0.7280,0.7284,0.7278,0.7279,56
2020.09.14,02:45,0.7280,0.7286,0.7280,0.7285,72
2020.09.14,03:00,0.7284,0.7287,0.7281,0.7282,63
2020.09.14,03:15,0.7281,0.7283,0.7272,0.7274,68
2020.09.14,03:30,0.7273,0.7277,0.7272,0.7275,55
2020.09.14,03:45,0.7274,0.7280,0.7270,0.7273,76
2020.09.14,04:00,0.7272,0.7282,0.7271,0.7278,73
2020.09.14,04:15,0.7279,0.7281,0.7276,0.7278,68
2020.09.14,04:30,0.7279,0.7282,0.7277,0.7279,86
2020.09.14,04:45,0.7278,0.7281,0.7275,0.7281,64
2020.09.14,05:00,0.7280,0.7286,0.7279,0.7282,67
2020.09.14,05:15,0.7281,0.7288,0.7280,0.7284,66
2020.09.14,05:30,0.7285,0.7287,0.7282,0.7286,64
2020.09.14,05:45,0.7287,0.7287,0.7283,0.7285,60
2020.09.14,06:00,0.7286,0.7287,0.7282,0.7284,57
2020.09.14,06:15,0.7283,0.7286,0.7282,0.7285,63
2020.09.14,06:30,0.7286,0.7286,0.7282,0.7282,49
2020.09.14,06:45,0.7283,0.7286,0.7282,0.7282,46
2020.09.14,07:00,0.7283,0.7283,0.7278,0.7281,59
2020.09.14,07:15,0.7280,0.7283,0.7279,0.7280,53
2020.09.14,07:30,0.7281,0.7286,0.7280,0.7285,69
2020.09.14,07:45,0.7284,0.7287,0.7283,0.7286,60
2020.09.14,08:00,0.7285,0.7287,0.7283,0.7285,55
2020.09.14,08:15,0.7286,0.7289,0.7284,0.7286,51
2020.09.14,08:30,0.7285,0.7289,0.7284,0.7289,61
2020.09.14,08:45,0.7288,0.7291,0.7287,0.7289,68
2020.09.14,09:00,0.7288,0.7289,0.7284,0.7286,75
2020.09.14,09:15,0.7285,0.7286,0.7281,0.7283,66
2020.09.14,09:30,0.7284,0.7285,0.7282,0.7285,66
2020.09.14,09:45,0.7284,0.7286,0.7279,0.7283,62
2020.09.14,10:00,0.7284,0.7290,0.7283,0.7288,89
2020.09.14,10:15,0.7289,0.7290,0.7283,0.7285,71
2020.09.14,10:30,0.7286,0.7287,0.7280,0.7281,72
2020.09.14,10:45,0.7280,0.7285,0.7279,0.7284,73
2020.09.14,11:00,0.7285,0.7287,0.7283,0.7287,73
2020.09.14,11:15,0.7286,0.7288,0.7279,0.7281,72
2020.09.14,11:30,0.7280,0.7282,0.7274,0.7275,70
2020.09.14,11:45,0.7276,0.7278,0.7273,0.7275,66
2020.09.14,12:00,0.7274,0.7279,0.7273,0.7278,68
2020.09.14,12:15,0.7277,0.7281,0.7277,0.7277,67
2020.09.14,12:30,0.7278,0.7279,0.7270,0.7270,77
2020.09.14,12:45,0.7271,0.7272,0.7266,0.7269,69
2020.09.14,13:00,0.7270,0.7273,0.7267,0.7273,76
2020.09.14,13:15,0.7272,0.7274,0.7269,0.7272,67
2020.09.14,13:30,0.7273,0.7277,0.7272,0.7277,75
2020.09.14,13:45,0.7276,0.7281,0.7276,0.7278,69
2020.09.14,14:00,0.7279,0.7279,0.7273,0.7275,75
2020.09.14,14:15,0.7274,0.7278,0.7273,0.7277,58
2020.09.14,14:30,0.7276,0.7276,0.7271,0.7273,58
2020.09.14,14:45,0.7272,0.7276,0.7271,0.7273,74
2020.09.14,15:00,0.7272,0.7278,0.7270,0.7276,67
2020.09.14,15:15,0.7277,0.7278,0.7273,0.7275,85
2020.09.14,15:30,0.7274,0.7276,0.7271,0.7275,78
2020.09.14,15:45,0.7274,0.7279,0.7273,0.7278,67
2020.09.14,16:00,0.7279,0.7288,0.7278,0.7285,83
2020.09.14,16:15,0.7286,0.7288,0.7282,0.7286,79
2020.09.14,16:30,0.7287,0.7292,0.7282,0.7292,90
2020.09.14,16:45,0.7293,0.7298,0.7292,0.7293,83
2020.09.14,17:00,0.7294,0.7299,0.7292,0.7297,102
2020.09.14,17:15,0.7298,0.7304,0.7296,0.7298,79
2020.09.14,17:30,0.7297,0.7299,0.7289,0.7293,84
2020.09.14,17:45,0.7292,0.7297,0.7286,0.7296,91
2020.09.14,18:00,0.7295,0.7302,0.7295,0.7302,82
2020.09.14,18:15,0.7301,0.7303,0.7299,0.7301,71
2020.09.14,18:30,0.7302,0.7306,0.7302,0.7306,77
2020.09.14,18:45,0.7305,0.7306,0.7299,0.7301,79
2020.09.14,19:00,0.7300,0.7303,0.7299,0.7301,74
2020.09.14,19:15,0.7300,0.7302,0.7298,0.7299,60
2020.09.14,19:30,0.7300,0.7302,0.7297,0.7301,60
2020.09.14,19:45,0.7300,0.7302,0.7292,0.7296,77
2020.09.14,20:00,0.7295,0.7297,0.7289,0.7291,69
2020.09.14,20:15,0.7290,0.7291,0.7285,0.7289,66
2020.09.14,20:30,0.7290,0.7291,0.7287,0.7289,68
2020.09.14,20:45,0.7288,0.7292,0.7288,0.7291,62
2020.09.14,21:00,0.7290,0.7292,0.7288,0.7289,70
2020.09.14,21:15,0.7290,0.7293,0.7289,0.7292,67
2020.09.14,21:30,0.7291,0.7295,0.7291,0.7295,65
2020.09.14,21:45,0.7294,0.7296,0.7292,0.7294,69
2020.09.14,22:00,0.7293,0.7297,0.7292,0.7295,83
2020.09.14,22:15,0.7294,0.7298,0.7292,0.7296,81
2020.09.14,22:30,0.7295,0.7299,0.7294,0.7299,77
2020.09.14,22:45,0.7298,0.7299,0.7293,0.7293,86
2020.09.14,23:00,0.7294,0.7295,0.7292,0.7292,51
2020.09.14,23:15,0.7291,0.7293,0.7290,0.7292,48
2020.09.14,23:30,0.7291,0.7292,0.7289,0.7291,43
2020.09.14,23:45,0.7290,0.7290,0.7287,0.7290,53
2020.09.15,00:00,0.7291,0.7293,0.7285,0.7288,45
2020.09.15,00:15,0.7287,0.7294,0.7287,0.7292,83
2020.09.15,00:30,0.7292,0.7294,0.7289,0.7294,99
2020.09.15,00:45,0.7293,0.7294,0.7290,0.7293,68
2020.09.15,01:00,0.7294,0.7296,0.7292,0.7293,38
2020.09.15,01:15,0.7292,0.7294,0.7290,0.7293,58
2020.09.15,01:30,0.7294,0.7295,0.7290,0.7292,59
2020.09.15,01:45,0.7291,0.7293,0.7291,0.7292,50
2020.09.15,02:00,0.7293,0.7293,0.7285,0.7288,58
2020.09.15,02:15,0.7287,0.7289,0.7285,0.7285,44
2020.09.15,02:30,0.7286,0.7289,0.7285,0.7289,36
2020.09.15,02:45,0.7288,0.7288,0.7285,0.7286,39
2020.09.15,03:00,0.7287,0.7290,0.7282,0.7282,68
2020.09.15,03:15,0.7281,0.7283,0.7274,0.7278,74
2020.09.15,03:30,0.7277,0.7279,0.7275,0.7278,60
2020.09.15,03:45,0.7277,0.7282,0.7272,0.7275,75
2020.09.15,04:00,0.7274,0.7276,0.7269,0.7275,84
2020.09.15,04:15,0.7274,0.7285,0.7274,0.7276,95
2020.09.15,04:30,0.7277,0.7304,0.7276,0.7301,183
2020.09.15,04:45,0.7300,0.7309,0.7299,0.7307,82
2020.09.15,05:00,0.7306,0.7315,0.7306,0.7311,110
2020.09.15,05:15,0.7310,0.7313,0.7308,0.7311,76
2020.09.15,05:30,0.7312,0.7312,0.7307,0.7309,74
2020.09.15,05:45,0.7308,0.7310,0.7305,0.7310,59
2020.09.15,06:00,0.7311,0.7317,0.7311,0.7317,63
2020.09.15,06:15,0.7316,0.7319,0.7312,0.7319,72
2020.09.15,06:30,0.7318,0.7320,0.7316,0.7320,59
2020.09.15,06:45,0.7319,0.7321,0.7317,0.7319,55
2020.09.15,07:00,0.7320,0.7323,0.7317,0.7323,58
2020.09.15,07:15,0.7322,0.7326,0.7320,0.7324,49
2020.09.15,07:30,0.7323,0.7326,0.7321,0.7326,66
2020.09.15,07:45,0.7327,0.7328,0.7323,0.7324,60
2020.09.15,08:00,0.7325,0.7333,0.7325,0.7329,75
2020.09.15,08:15,0.7328,0.7337,0.7326,0.7337,60
2020.09.15,08:30,0.7336,0.7338,0.7331,0.7332,65
2020.09.15,08:45,0.7331,0.7335,0.7328,0.7330,66
2020.09.15,09:00,0.7331,0.7331,0.7325,0.7328,62
2020.09.15,09:15,0.7327,0.7334,0.7327,0.7332,62
2020.09.15,09:30,0.7331,0.7332,0.7326,0.7329,67
2020.09.15,09:45,0.7328,0.7329,0.7323,0.7326,69
2020.09.15,10:00,0.7325,0.7328,0.7317,0.7321,76
2020.09.15,10:15,0.7320,0.7327,0.7319,0.7326,73
2020.09.15,10:30,0.7325,0.7326,0.7316,0.7318,72
2020.09.15,10:45,0.7317,0.7318,0.7312,0.7316,80
2020.09.15,11:00,0.7315,0.7321,0.7315,0.7316,70
2020.09.15,11:15,0.7315,0.7318,0.7312,0.7317,79
2020.09.15,11:30,0.7318,0.7318,0.7313,0.7317,66
2020.09.15,11:45,0.7316,0.7323,0.7316,0.7317,54
2020.09.15,12:00,0.7316,0.7327,0.7316,0.7325,72
2020.09.15,12:15,0.7324,0.7331,0.7323,0.7331,62
2020.09.15,12:30,0.7330,0.7330,0.7324,0.7326,71
2020.09.15,12:45,0.7325,0.7328,0.7322,0.7325,63
2020.09.15,13:00,0.7324,0.7330,0.7323,0.7327,66
2020.09.15,13:15,0.7326,0.7333,0.7326,0.7331,60
2020.09.15,13:30,0.7330,0.7334,0.7329,0.7332,61
2020.09.15,13:45,0.7331,0.7340,0.7330,0.7339,61
2020.09.15,14:00,0.7338,0.7340,0.7335,0.7336,67
2020.09.15,14:15,0.7337,0.7338,0.7332,0.7332,70
2020.09.15,14:30,0.7331,0.7334,0.7330,0.7331,61
2020.09.15,14:45,0.7330,0.7332,0.7328,0.7332,55
2020.09.15,15:00,0.7331,0.7335,0.7330,0.7335,73
2020.09.15,15:15,0.7334,0.7334,0.7327,0.7334,81
2020.09.15,15:30,0.7333,0.7335,0.7330,0.7334,74
2020.09.15,15:45,0.7333,0.7337,0.7329,0.7337,67
2020.09.15,16:00,0.7336,0.7342,0.7335,0.7341,62
2020.09.15,16:15,0.7342,0.7345,0.7338,0.7339,66
2020.09.15,16:30,0.7340,0.7343,0.7337,0.7339,70
2020.09.15,16:45,0.7338,0.7338,0.7321,0.7326,85
2020.09.15,17:00,0.7325,0.7325,0.7317,0.7320,85
2020.09.15,17:15,0.7319,0.7321,0.7312,0.7314,89
2020.09.15,17:30,0.7315,0.7318,0.7308,0.7309,75
2020.09.15,17:45,0.7308,0.7313,0.7302,0.7305,90
2020.09.15,18:00,0.7306,0.7306,0.7300,0.7303,74
2020.09.15,18:15,0.7302,0.7304,0.7295,0.7298,71
2020.09.15,18:30,0.7297,0.7301,0.7296,0.7299,67
2020.09.15,18:45,0.7298,0.7301,0.7295,0.7297,78
2020.09.15,19:00,0.7296,0.7302,0.7296,0.7300,59
2020.09.15,19:15,0.7299,0.7301,0.7298,0.7298,56
2020.09.15,19:30,0.7299,0.7305,0.7297,0.7304,56
2020.09.15,19:45,0.7303,0.7307,0.7302,0.7307,59
2020.09.15,20:00,0.7306,0.7308,0.7303,0.7308,65
2020.09.15,20:15,0.7307,0.7311,0.7305,0.7307,59
2020.09.15,20:30,0.7306,0.7308,0.7304,0.7305,58
2020.09.15,20:45,0.7306,0.7307,0.7302,0.7303,54
2020.09.15,21:00,0.7302,0.7303,0.7299,0.7302,67
2020.09.15,21:15,0.7301,0.7303,0.7300,0.7302,72
2020.09.15,21:30,0.7303,0.7307,0.7300,0.7306,60
2020.09.15,21:45,0.7305,0.7312,0.7304,0.7312,54
2020.09.15,22:00,0.7311,0.7312,0.7302,0.7303,69
2020.09.15,22:15,0.7304,0.7308,0.7302,0.7308,67
2020.09.15,22:30,0.7307,0.7307,0.7301,0.7303,75
2020.09.15,22:45,0.7302,0.7307,0.7301,0.7305,71
2020.09.15,23:00,0.7304,0.7306,0.7302,0.7304,39
2020.09.15,23:15,0.7303,0.7305,0.7300,0.7302,44
2020.09.15,23:30,0.7301,0.7304,0.7301,0.7303,29
2020.09.15,23:45,0.7302,0.7304,0.7301,0.7303,37
2020.09.16,00:00,0.7302,0.7307,0.7302,0.7305,57
2020.09.16,00:15,0.7304,0.7306,0.7303,0.7303,40
2020.09.16,00:30,0.7304,0.7306,0.7301,0.7303,38
2020.09.16,00:45,0.7302,0.7303,0.7301,0.7303,30
2020.09.16,01:00,0.7304,0.7308,0.7303,0.7306,41
2020.09.16,01:15,0.7305,0.7307,0.7304,0.7306,30
2020.09.16,01:30,0.7307,0.7308,0.7305,0.7307,43
2020.09.16,01:45,0.7306,0.7307,0.7304,0.7305,40
2020.09.16,02:00,0.7304,0.7306,0.7303,0.7305,64
2020.09.16,02:15,0.7306,0.7306,0.7301,0.7303,60
2020.09.16,02:30,0.7302,0.7303,0.7295,0.7297,68
2020.09.16,02:45,0.7298,0.7300,0.7297,0.7298,49
2020.09.16,03:00,0.7297,0.7302,0.7291,0.7292,78
2020.09.16,03:15,0.7293,0.7297,0.7291,0.7297,59
2020.09.16,03:30,0.7298,0.7302,0.7296,0.7298,67
2020.09.16,03:45,0.7297,0.7300,0.7296,0.7300,64
2020.09.16,04:00,0.7299,0.7300,0.7290,0.7294,72
2020.09.16,04:15,0.7293,0.7307,0.7293,0.7307,69
2020.09.16,04:30,0.7306,0.7311,0.7303,0.7308,79
2020.09.16,04:45,0.7307,0.7313,0.7305,0.7313,57
2020.09.16,05:00,0.7314,0.7318,0.7311,0.7316,65
2020.09.16,05:15,0.7315,0.7318,0.7314,0.7318,54
2020.09.16,05:30,0.7317,0.7321,0.7316,0.7320,66
2020.09.16,05:45,0.7319,0.7320,0.7314,0.7320,54
2020.09.16,06:00,0.7319,0.7324,0.7317,0.7323,59
2020.09.16,06:15,0.7322,0.7323,0.7318,0.7319,58
2020.09.16,06:30,0.7320,0.7322,0.7316,0.7317,58
2020.09.16,06:45,0.7316,0.7320,0.7316,0.7319,38
2020.09.16,07:00,0.7320,0.7323,0.7319,0.7322,37
2020.09.16,07:15,0.7321,0.7323,0.7320,0.7322,50
2020.09.16,07:30,0.7321,0.7322,0.7316,0.7318,50
2020.09.16,07:45,0.7319,0.7320,0.7317,0.7320,44
2020.09.16,08:00,0.7319,0.7322,0.7317,0.7320,58
2020.09.16,08:15,0.7319,0.7324,0.7319,0.7322,50
2020.09.16,08:30,0.7323,0.7324,0.7314,0.7314,48
2020.09.16,08:45,0.7313,0.7315,0.7310,0.7314,72
2020.09.16,09:00,0.7313,0.7315,0.7309,0.7311,65
2020.09.16,09:15,0.7310,0.7315,0.7309,0.7315,64
2020.09.16,09:30,0.7314,0.7321,0.7313,0.7319,70
2020.09.16,09:45,0.7320,0.7320,0.7316,0.7317,70
2020.09.16,10:00,0.7316,0.7319,0.7314,0.7317,74
2020.09.16,10:15,0.7316,0.7319,0.7314,0.7316,67
2020.09.16,10:30,0.7317,0.7324,0.7316,0.7324,58
2020.09.16,10:45,0.7323,0.7327,0.7321,0.7326,65
2020.09.16,11:00,0.7327,0.7332,0.7325,0.7332,72
2020.09.16,11:15,0.7333,0.7335,0.7330,0.7332,72
2020.09.16,11:30,0.7331,0.7332,0.7327,0.7330,68
2020.09.16,11:45,0.7329,0.7331,0.7326,0.7329,63
2020.09.16,12:00,0.7328,0.7332,0.7327,0.7330,71
2020.09.16,12:15,0.7329,0.7334,0.7326,0.7334,64
2020.09.16,12:30,0.7333,0.7339,0.7331,0.7335,61
2020.09.16,12:45,0.7334,0.7338,0.7334,0.7338,73
2020.09.16,13:00,0.7337,0.7338,0.7334,0.7336,64
2020.09.16,13:15,0.7335,0.7340,0.7335,0.7338,60
2020.09.16,13:30,0.7339,0.7340,0.7334,0.7337,71
2020.09.16,13:45,0.7338,0.7344,0.7336,0.7341,72
2020.09.16,14:00,0.7342,0.7342,0.7337,0.7341,64
2020.09.16,14:15,0.7340,0.7341,0.7337,0.7337,50
2020.09.16,14:30,0.7336,0.7340,0.7333,0.7340,59
2020.09.16,14:45,0.7339,0.7341,0.7337,0.7339,71
2020.09.16,15:00,0.7340,0.7346,0.7339,0.7340,75
2020.09.16,15:15,0.7341,0.7345,0.7339,0.7341,71
2020.09.16,15:30,0.7342,0.7343,0.7332,0.7335,82
2020.09.16,15:45,0.7336,0.7336,0.7326,0.7330,101
2020.09.16,16:00,0.7329,0.7332,0.7328,0.7328,82
2020.09.16,16:15,0.7329,0.7332,0.7327,0.7329,79
2020.09.16,16:30,0.7328,0.7330,0.7323,0.7324,93
2020.09.16,16:45,0.7323,0.7331,0.7323,0.7331,75
2020.09.16,17:00,0.7330,0.7334,0.7327,0.7332,87
2020.09.16,17:15,0.7331,0.7333,0.7317,0.7320,90
2020.09.16,17:30,0.7321,0.7330,0.7320,0.7328,80
2020.09.16,17:45,0.7329,0.7336,0.7324,0.7334,96
2020.09.16,18:00,0.7333,0.7341,0.7332,0.7340,94
2020.09.16,18:15,0.7339,0.7345,0.7339,0.7343,85
2020.09.16,18:30,0.7342,0.7347,0.7339,0.7340,89
2020.09.16,18:45,0.7341,0.7341,0.7335,0.7337,65
2020.09.16,19:00,0.7336,0.7339,0.7334,0.7336,59
2020.09.16,19:15,0.7335,0.7335,0.7331,0.7335,57
2020.09.16,19:30,0.7334,0.7336,0.7331,0.7332,67
2020.09.16,19:45,0.7331,0.7332,0.7324,0.7328,65
2020.09.16,20:00,0.7329,0.7333,0.7327,0.7332,62
2020.09.16,20:15,0.7333,0.7333,0.7311,0.7311,109
2020.09.16,20:30,0.7310,0.7313,0.7296,0.7304,167
2020.09.16,20:45,0.7305,0.7314,0.7300,0.7311,76
2020.09.16,21:00,0.7310,0.7333,0.7297,0.7319,427
2020.09.16,21:15,0.7318,0.7325,0.7315,0.7318,193
2020.09.16,21:30,0.7319,0.7335,0.7309,0.7316,302
2020.09.16,21:45,0.7315,0.7317,0.7289,0.7299,341
2020.09.16,22:00,0.7298,0.7317,0.7290,0.7298,301
2020.09.16,22:15,0.7297,0.7299,0.7288,0.7288,174
2020.09.16,22:30,0.7289,0.7296,0.7281,0.7291,155
2020.09.16,22:45,0.7292,0.7300,0.7289,0.7291,136
2020.09.16,23:00,0.7292,0.7301,0.7289,0.7299,70
2020.09.16,23:15,0.7300,0.7300,0.7297,0.7299,54
2020.09.16,23:30,0.7298,0.7308,0.7297,0.7308,51
2020.09.16,23:45,0.7307,0.7310,0.7304,0.7307,64
2020.09.17,00:00,0.7308,0.7309,0.7304,0.7308,40
2020.09.17,00:15,0.7307,0.7308,0.7306,0.7307,43
2020.09.17,00:30,0.7306,0.7308,0.7302,0.7304,49
2020.09.17,00:45,0.7305,0.7306,0.7303,0.7305,33
2020.09.17,01:00,0.7306,0.7310,0.7304,0.7310,43
2020.09.17,01:15,0.7309,0.7311,0.7308,0.7310,64
2020.09.17,01:30,0.7311,0.7311,0.7305,0.7307,37
2020.09.17,01:45,0.7306,0.7308,0.7304,0.7308,41
2020.09.17,02:00,0.7307,0.7308,0.7302,0.7305,67
2020.09.17,02:15,0.7304,0.7306,0.7303,0.7304,55
2020.09.17,02:30,0.7303,0.7304,0.7300,0.7303,63
2020.09.17,02:45,0.7304,0.7304,0.7296,0.7299,64
2020.09.17,03:00,0.7298,0.7299,0.7288,0.7292,83
2020.09.17,03:15,0.7291,0.7293,0.7281,0.7285,85
2020.09.17,03:30,0.7284,0.7286,0.7271,0.7276,97
2020.09.17,03:45,0.7277,0.7279,0.7271,0.7277,71
2020.09.17,04:00,0.7278,0.7286,0.7277,0.7284,83
2020.09.17,04:15,0.7283,0.7287,0.7281,0.7284,70
2020.09.17,04:30,0.7287,0.7314,0.7287,0.7294,230
2020.09.17,04:45,0.7293,0.7294,0.7267,0.7271,184
2020.09.17,05:00,0.7270,0.7282,0.7270,0.7279,126
2020.09.17,05:15,0.7280,0.7283,0.7276,0.7279,94
2020.09.17,05:30,0.7278,0.7283,0.7277,0.7283,68
2020.09.17,05:45,0.7282,0.7282,0.7276,0.7280,79
2020.09.17,06:00,0.7279,0.7279,0.7273,0.7273,73
2020.09.17,06:15,0.7272,0.7273,0.7264,0.7268,111
2020.09.17,06:30,0.7267,0.7270,0.7264,0.7268,74
2020.09.17,06:45,0.7269,0.7272,0.7264,0.7266,68
2020.09.17,07:00,0.7265,0.7267,0.7258,0.7261,71
2020.09.17,07:15,0.7260,0.7266,0.7260,0.7265,62
2020.09.17,07:30,0.7264,0.7267,0.7263,0.7266,63
2020.09.17,07:45,0.7267,0.7270,0.7265,0.7268,72
2020.09.17,08:00,0.7267,0.7275,0.7264,0.7274,74
2020.09.17,08:15,0.7275,0.7277,0.7273,0.7276,66
2020.09.17,08:30,0.7275,0.7279,0.7272,0.7277,75
2020.09.17,08:45,0.7278,0.7281,0.7275,0.7281,83
2020.09.17,09:00,0.7280,0.7280,0.7266,0.7267,89
2020.09.17,09:15,0.7266,0.7266,0.7257,0.7260,107
2020.09.17,09:30,0.7259,0.7266,0.7258,0.7265,89
2020.09.17,09:45,0.7264,0.7271,0.7264,0.7270,76
2020.09.17,10:00,0.7271,0.7282,0.7269,0.7279,97
2020.09.17,10:15,0.7280,0.7289,0.7278,0.7288,93
2020.09.17,10:30,0.7289,0.7294,0.7289,0.7293,93
2020.09.17,10:45,0.7292,0.7293,0.7286,0.7291,82
2020.09.17,11:00,0.7290,0.7299,0.7287,0.7294,81
2020.09.17,11:15,0.7295,0.7302,0.7295,0.7301,73
2020.09.17,11:30,0.7302,0.7303,0.7295,0.7296,75
2020.09.17,11:45,0.7297,0.7301,0.7294,0.7300,74
2020.09.17,12:00,0.7301,0.7307,0.7296,0.7301,91
2020.09.17,12:15,0.7300,0.7301,0.7291,0.7291,86
2020.09.17,12:30,0.7292,0.7299,0.7292,0.7299,76
2020.09.17,12:45,0.7298,0.7304,0.7297,0.7302,69
2020.09.17,13:00,0.7301,0.7305,0.7296,0.7297,85
2020.09.17,13:15,0.7296,0.7298,0.7293,0.7297,78
2020.09.17,13:30,0.7296,0.7299,0.7293,0.7296,77
2020.09.17,13:45,0.7295,0.7299,0.7292,0.7293,75
2020.09.17,14:00,0.7292,0.7299,0.7288,0.7299,100
2020.09.17,14:15,0.7300,0.7303,0.7296,0.7300,79
2020.09.17,14:30,0.7299,0.7305,0.7298,0.7303,85
2020.09.17,14:45,0.7302,0.7314,0.7302,0.7313,82
2020.09.17,15:00,0.7312,0.7312,0.7300,0.7306,89
2020.09.17,15:15,0.7305,0.7309,0.7302,0.7304,74
2020.09.17,15:30,0.7303,0.7305,0.7298,0.7301,97
2020.09.17,15:45,0.7300,0.7305,0.7293,0.7297,84
2020.09.17,16:00,0.7296,0.7297,0.7283,0.7284,98
2020.09.17,16:15,0.7285,0.7293,0.7283,0.7291,87
2020.09.17,16:30,0.7290,0.7294,0.7281,0.7283,97
2020.09.17,16:45,0.7284,0.7300,0.7284,0.7297,108
2020.09.17,17:00,0.7296,0.7301,0.7294,0.7298,103
2020.09.17,17:15,0.7297,0.7299,0.7290,0.7291,105
2020.09.17,17:30,0.7292,0.7298,0.7291,0.7294,129
2020.09.17,17:45,0.7295,0.7300,0.7286,0.7289,111
2020.09.17,18:00,0.7290,0.7300,0.7289,0.7299,92
2020.09.17,18:15,0.7300,0.7304,0.7299,0.7302,67
2020.09.17,18:30,0.7301,0.7303,0.7291,0.7291,99
2020.09.17,18:45,0.7292,0.7293,0.7287,0.7291,86
2020.09.17,19:00,0.7290,0.7294,0.7289,0.7291,78
2020.09.17,19:15,0.7290,0.7292,0.7282,0.7287,112
2020.09.17,19:30,0.7286,0.7292,0.7285,0.7290,97
2020.09.17,19:45,0.7289,0.7293,0.7287,0.7291,91
2020.09.17,20:00,0.7290,0.7292,0.7289,0.7291,68
2020.09.17,20:15,0.7290,0.7294,0.7289,0.7293,92
2020.09.17,20:30,0.7292,0.7296,0.7291,0.7295,66
2020.09.17,20:45,0.7296,0.7301,0.7294,0.7300,83
2020.09.17,21:00,0.7301,0.7310,0.7299,0.7310,78
2020.09.17,21:15,0.7309,0.7313,0.7308,0.7309,75
2020.09.17,21:30,0.7308,0.7309,0.7305,0.7307,84
2020.09.17,21:45,0.7306,0.7310,0.7305,0.7306,69
2020.09.17,22:00,0.7307,0.7309,0.7300,0.7309,85
2020.09.17,22:15,0.7308,0.7311,0.7306,0.7310,79
2020.09.17,22:30,0.7309,0.7317,0.7309,0.7314,68
2020.09.17,22:45,0.7313,0.7317,0.7311,0.7317,83
2020.09.17,23:00,0.7316,0.7318,0.7314,0.7316,67
2020.09.17,23:15,0.7315,0.7316,0.7312,0.7314,52
2020.09.17,23:30,0.7315,0.7318,0.7314,0.7316,60
2020.09.17,23:45,0.7315,0.7317,0.7310,0.7314,57
2020.09.18,00:00,0.7311,0.7316,0.7308,0.7315,40
2020.09.18,00:15,0.7314,0.7316,0.7312,0.7315,20
2020.09.18,00:30,0.7314,0.7318,0.7310,0.7310,57
2020.09.18,00:45,0.7311,0.7315,0.7309,0.7312,51
2020.09.18,01:00,0.7310,0.7318,0.7309,0.7318,58
2020.09.18,01:15,0.7317,0.7319,0.7315,0.7318,62
2020.09.18,01:30,0.7317,0.7320,0.7317,0.7317,57
2020.09.18,01:45,0.7318,0.7320,0.7318,0.7319,42
2020.09.18,02:00,0.7320,0.7322,0.7318,0.7320,55
2020.09.18,02:15,0.7319,0.7322,0.7319,0.7321,49
2020.09.18,02:30,0.7320,0.7321,0.7317,0.7319,56
2020.09.18,02:45,0.7318,0.7320,0.7315,0.7316,65
2020.09.18,03:00,0.7317,0.7337,0.7316,0.7333,101
2020.09.18,03:15,0.7332,0.7332,0.7320,0.7321,82
2020.09.18,03:30,0.7320,0.7324,0.7317,0.7320,75
2020.09.18,03:45,0.7321,0.7321,0.7314,0.7319,85
2020.09.18,04:00,0.7318,0.7329,0.7318,0.7321,88
2020.09.18,04:15,0.7320,0.7321,0.7314,0.7316,77
2020.09.18,04:30,0.7315,0.7323,0.7309,0.7322,88
2020.09.18,04:45,0.7321,0.7323,0.7317,0.7321,63
2020.09.18,05:00,0.7322,0.7324,0.7317,0.7319,64
2020.09.18,05:15,0.7320,0.7322,0.7314,0.7316,81
2020.09.18,05:30,0.7315,0.7321,0.7313,0.7318,66
2020.09.18,05:45,0.7317,0.7321,0.7315,0.7319,63
2020.09.18,06:00,0.7320,0.7326,0.7319,0.7323,66
2020.09.18,06:15,0.7324,0.7325,0.7320,0.7325,62
2020.09.18,06:30,0.7324,0.7327,0.7323,0.7325,54
2020.09.18,06:45,0.7324,0.7328,0.7324,0.7325,52
2020.09.18,07:00,0.7326,0.7326,0.7319,0.7321,76
2020.09.18,07:15,0.7320,0.7325,0.7318,0.7323,60
2020.09.18,07:30,0.7324,0.7326,0.7321,0.7322,63
2020.09.18,07:45,0.7321,0.7322,0.7316,0.7319,69
2020.09.18,08:00,0.7318,0.7320,0.7316,0.7316,71
2020.09.18,08:15,0.7315,0.7319,0.7311,0.7319,57
2020.09.18,08:30,0.7318,0.7320,0.7313,0.7319,74
2020.09.18,08:45,0.7318,0.7322,0.7317,0.7322,75
2020.09.18,09:00,0.7323,0.7323,0.7322,0.7322,4
