2020.08.14,22:00,0.7176,0.7177,0.7172,0.7175,116
2020.08.14,22:30,0.7174,0.7177,0.7172,0.7176,131
2020.08.14,23:00,0.7175,0.7177,0.7174,0.7177,77
2020.08.14,23:30,0.7176,0.7177,0.7172,0.7173,79
2020.08.17,00:00,0.7171,0.7180,0.7165,0.7180,101
2020.08.17,00:30,0.7179,0.7181,0.7172,0.7175,95
2020.08.17,01:00,0.7176,0.7182,0.7176,0.7179,108
2020.08.17,01:30,0.7178,0.7180,0.7176,0.7179,102
2020.08.17,02:00,0.7180,0.7188,0.7177,0.7187,118
2020.08.17,02:30,0.7186,0.7196,0.7184,0.7195,111
2020.08.17,03:00,0.7194,0.7195,0.7186,0.7188,127
2020.08.17,03:30,0.7189,0.7199,0.7186,0.7198,136
2020.08.17,04:00,0.7199,0.7199,0.7187,0.7193,138
2020.08.17,04:30,0.7194,0.7195,0.7187,0.7189,140
2020.08.17,05:00,0.7188,0.7197,0.7188,0.7193,130
2020.08.17,05:30,0.7194,0.7198,0.7193,0.7195,94
2020.08.17,06:00,0.7194,0.7196,0.7188,0.7191,108
2020.08.17,06:30,0.7190,0.7191,0.7183,0.7186,96
2020.08.17,07:00,0.7185,0.7187,0.7178,0.7180,96
2020.08.17,07:30,0.7179,0.7183,0.7177,0.7179,121
2020.08.17,08:00,0.7178,0.7182,0.7177,0.7180,101
2020.08.17,08:30,0.7181,0.7182,0.7175,0.7182,98
2020.08.17,09:00,0.7183,0.7189,0.7181,0.7186,134
2020.08.17,09:30,0.7185,0.7189,0.7182,0.7185,125
2020.08.17,10:00,0.7186,0.7189,0.7178,0.7184,151
2020.08.17,10:30,0.7183,0.7184,0.7176,0.7183,153
2020.08.17,11:00,0.7184,0.7184,0.7173,0.7175,149
2020.08.17,11:30,0.7174,0.7183,0.7173,0.7183,144
2020.08.17,12:00,0.7182,0.7188,0.7181,0.7187,140
2020.08.17,12:30,0.7186,0.7194,0.7184,0.7193,146
2020.08.17,13:00,0.7192,0.7193,0.7186,0.7192,113
2020.08.17,13:30,0.7191,0.7192,0.7184,0.7187,146
2020.08.17,14:00,0.7188,0.7191,0.7182,0.7188,135
2020.08.17,14:30,0.7187,0.7192,0.7185,0.7192,138
2020.08.17,15:00,0.7191,0.7197,0.7186,0.7195,151
2020.08.17,15:30,0.7194,0.7202,0.7193,0.7198,159
2020.08.17,16:00,0.7197,0.7204,0.7195,0.7204,132
2020.08.17,16:30,0.7203,0.7220,0.7201,0.7214,172
2020.08.17,17:00,0.7215,0.7220,0.7212,0.7218,148
2020.08.17,17:30,0.7219,0.7230,0.7206,0.7207,196
2020.08.17,18:00,0.7208,0.7214,0.7204,0.7212,163
2020.08.17,18:30,0.7211,0.7214,0.7206,0.7214,142
2020.08.17,19:00,0.7213,0.7215,0.7208,0.7210,136
2020.08.17,19:30,0.7209,0.7217,0.7209,0.7214,114
2020.08.17,20:00,0.7213,0.7216,0.7211,0.7215,114
2020.08.17,20:30,0.7214,0.7216,0.7209,0.7211,108
2020.08.17,21:00,0.7210,0.7214,0.7207,0.7212,129
2020.08.17,21:30,0.7211,0.7214,0.7208,0.7211,121
2020.08.17,22:00,0.7210,0.7214,0.7209,0.7214,107
2020.08.17,22:30,0.7213,0.7221,0.7210,0.7221,141
2020.08.17,23:00,0.7219,0.7224,0.7217,0.7221,105
2020.08.17,23:30,0.7220,0.7221,0.7214,0.7214,102
2020.08.18,00:00,0.7215,0.7219,0.7214,0.7218,78
2020.08.18,00:30,0.7217,0.7218,0.7215,0.7216,85
2020.08.18,01:00,0.7217,0.7217,0.7212,0.7214,90
2020.08.18,01:30,0.7213,0.7217,0.7212,0.7214,112
2020.08.18,02:00,0.7213,0.7219,0.7212,0.7217,121
2020.08.18,02:30,0.7216,0.7220,0.7215,0.7216,121
2020.08.18,03:00,0.7217,0.7224,0.7216,0.7222,136
2020.08.18,03:30,0.7223,0.7229,0.7218,0.7229,158
2020.08.18,04:00,0.7228,0.7233,0.7223,0.7226,169
2020.08.18,04:30,0.7227,0.7229,0.7221,0.7224,162
2020.08.18,05:00,0.7225,0.7226,0.7220,0.7223,153
2020.08.18,05:30,0.7222,0.7222,0.7211,0.7217,139
2020.08.18,06:00,0.7218,0.7222,0.7214,0.7218,133
2020.08.18,06:30,0.7219,0.7223,0.7215,0.7222,128
2020.08.18,07:00,0.7221,0.7227,0.7220,0.7227,128
2020.08.18,07:30,0.7226,0.7228,0.7222,0.7225,115
2020.08.18,08:00,0.7226,0.7228,0.7223,0.7226,101
2020.08.18,08:30,0.7227,0.7230,0.7224,0.7225,125
2020.08.18,09:00,0.7226,0.7229,0.7222,0.7229,144
2020.08.18,09:30,0.7228,0.7236,0.7226,0.7230,151
2020.08.18,10:00,0.7229,0.7233,0.7224,0.7229,158
2020.08.18,10:30,0.7230,0.7238,0.7225,0.7228,161
2020.08.18,11:00,0.7229,0.7233,0.7227,0.7230,146
2020.08.18,11:30,0.7231,0.7241,0.7228,0.7239,141
2020.08.18,12:00,0.7238,0.7242,0.7234,0.7236,146
2020.08.18,12:30,0.7237,0.7237,0.7231,0.7234,134
2020.08.18,13:00,0.7233,0.7239,0.7227,0.7238,134
2020.08.18,13:30,0.7237,0.7240,0.7233,0.7234,130
2020.08.18,14:00,0.7235,0.7238,0.7231,0.7235,153
2020.08.18,14:30,0.7234,0.7241,0.7233,0.7240,140
2020.08.18,15:00,0.7239,0.7259,0.7239,0.7258,148
2020.08.18,15:30,0.7257,0.7260,0.7251,0.7254,180
2020.08.18,16:00,0.7255,0.7259,0.7250,0.7257,195
2020.08.18,16:30,0.7256,0.7267,0.7255,0.7258,223
2020.08.18,17:00,0.7259,0.7260,0.7218,0.7220,251
2020.08.18,17:30,0.7219,0.7241,0.7218,0.7239,229
2020.08.18,18:00,0.7240,0.7243,0.7233,0.7235,166
2020.08.18,18:30,0.7234,0.7240,0.7232,0.7237,146
2020.08.18,19:00,0.7236,0.7239,0.7229,0.7237,141
2020.08.18,19:30,0.7238,0.7244,0.7237,0.7244,135
2020.08.18,20:00,0.7243,0.7243,0.7238,0.7241,123
2020.08.18,20:30,0.7242,0.7244,0.7240,0.7241,120
2020.08.18,21:00,0.7240,0.7246,0.7239,0.7245,114
2020.08.18,21:30,0.7244,0.7249,0.7243,0.7247,112
2020.08.18,22:00,0.7246,0.7246,0.7239,0.7243,128
2020.08.18,22:30,0.7244,0.7247,0.7239,0.7241,140
2020.08.18,23:00,0.7240,0.7247,0.7240,0.7245,100
2020.08.18,23:30,0.7246,0.7247,0.7243,0.7245,101
2020.08.19,00:00,0.7244,0.7247,0.7237,0.7243,115
2020.08.19,00:30,0.7242,0.7246,0.7241,0.7243,104
2020.08.19,01:00,0.7244,0.7247,0.7242,0.7247,101
2020.08.19,01:30,0.7246,0.7250,0.7244,0.7249,112
2020.08.19,02:00,0.7248,0.7250,0.7244,0.7249,103
2020.08.19,02:30,0.7248,0.7260,0.7247,0.7257,142
2020.08.19,03:00,0.7256,0.7262,0.7248,0.7250,155
2020.08.19,03:30,0.7251,0.7258,0.7246,0.7257,151
2020.08.19,04:00,0.7256,0.7261,0.7246,0.7248,150
2020.08.19,04:30,0.7249,0.7250,0.7241,0.7242,152
2020.08.19,05:00,0.7241,0.7247,0.7238,0.7239,147
2020.08.19,05:30,0.7240,0.7245,0.7237,0.7241,124
2020.08.19,06:00,0.7242,0.7245,0.7238,0.7243,127
2020.08.19,06:30,0.7242,0.7244,0.7237,0.7239,135
2020.08.19,07:00,0.7238,0.7242,0.7234,0.7235,128
2020.08.19,07:30,0.7236,0.7241,0.7234,0.7239,126
2020.08.19,08:00,0.7238,0.7252,0.7236,0.7252,120
2020.08.19,08:30,0.7251,0.7254,0.7246,0.7250,152
2020.08.19,09:00,0.7249,0.7257,0.7247,0.7252,143
2020.08.19,09:30,0.7251,0.7257,0.7250,0.7253,165
2020.08.19,10:00,0.7252,0.7255,0.7246,0.7252,177
2020.08.19,10:30,0.7253,0.7270,0.7252,0.7270,162
2020.08.19,11:00,0.7269,0.7274,0.7264,0.7269,155
2020.08.19,11:30,0.7270,0.7275,0.7266,0.7271,150
2020.08.19,12:00,0.7272,0.7278,0.7270,0.7276,155
2020.08.19,12:30,0.7275,0.7277,0.7266,0.7269,157
2020.08.19,13:00,0.7270,0.7274,0.7269,0.7273,146
2020.08.19,13:30,0.7272,0.7274,0.7268,0.7270,129
2020.08.19,14:00,0.7271,0.7275,0.7267,0.7268,126
2020.08.19,14:30,0.7267,0.7271,0.7264,0.7269,143
2020.08.19,15:00,0.7270,0.7270,0.7264,0.7267,139
2020.08.19,15:30,0.7266,0.7267,0.7257,0.7258,146
2020.08.19,16:00,0.7259,0.7267,0.7256,0.7266,152
2020.08.19,16:30,0.7265,0.7270,0.7256,0.7260,184
2020.08.19,17:00,0.7259,0.7264,0.7247,0.7249,169
2020.08.19,17:30,0.7250,0.7252,0.7230,0.7240,194
2020.08.19,18:00,0.7241,0.7241,0.7230,0.7235,163
2020.08.19,18:30,0.7234,0.7241,0.7233,0.7236,151
2020.08.19,19:00,0.7235,0.7237,0.7225,0.7232,148
2020.08.19,19:30,0.7231,0.7236,0.7229,0.7232,151
2020.08.19,20:00,0.7231,0.7233,0.7226,0.7231,126
2020.08.19,20:30,0.7232,0.7237,0.7230,0.7233,131
2020.08.19,21:00,0.7234,0.7240,0.7191,0.7205,372
2020.08.19,21:30,0.7203,0.7207,0.7189,0.7207,253
2020.08.19,22:00,0.7206,0.7207,0.7198,0.7201,172
2020.08.19,22:30,0.7200,0.7203,0.7181,0.7187,165
2020.08.19,23:00,0.7186,0.7191,0.7185,0.7187,127
2020.08.19,23:30,0.7186,0.7189,0.7182,0.7184,125
2020.08.20,00:00,0.7183,0.7187,0.7181,0.7181,100
2020.08.20,00:30,0.7182,0.7190,0.7182,0.7188,136
2020.08.20,01:00,0.7187,0.7190,0.7183,0.7187,108
2020.08.20,01:30,0.7188,0.7193,0.7186,0.7191,98
2020.08.20,02:00,0.7192,0.7192,0.7185,0.7190,129
2020.08.20,02:30,0.7189,0.7193,0.7184,0.7189,133
2020.08.20,03:00,0.7188,0.7191,0.7183,0.7188,153
2020.08.20,03:30,0.7189,0.7196,0.7187,0.7189,150
2020.08.20,04:00,0.7190,0.7191,0.7168,0.7173,188
2020.08.20,04:30,0.7172,0.7179,0.7168,0.7179,170
2020.08.20,05:00,0.7178,0.7179,0.7173,0.7176,159
2020.08.20,05:30,0.7177,0.7177,0.7170,0.7177,161
2020.08.20,06:00,0.7176,0.7191,0.7175,0.7188,146
2020.08.20,06:30,0.7187,0.7189,0.7182,0.7186,148
2020.08.20,07:00,0.7185,0.7190,0.7185,0.7189,115
2020.08.20,07:30,0.7190,0.7190,0.7183,0.7184,127
2020.08.20,08:00,0.7185,0.7185,0.7176,0.7178,135
2020.08.20,08:30,0.7177,0.7179,0.7168,0.7175,162
2020.08.20,09:00,0.7174,0.7180,0.7169,0.7176,153
2020.08.20,09:30,0.7177,0.7177,0.7163,0.7172,172
2020.08.20,10:00,0.7171,0.7188,0.7171,0.7188,200
2020.08.20,10:30,0.7187,0.7188,0.7172,0.7174,176
2020.08.20,11:00,0.7173,0.7175,0.7148,0.7150,186
2020.08.20,11:30,0.7149,0.7161,0.7147,0.7159,163
2020.08.20,12:00,0.7158,0.7167,0.7150,0.7154,157
2020.08.20,12:30,0.7155,0.7161,0.7149,0.7160,176
2020.08.20,13:00,0.7161,0.7166,0.7155,0.7165,162
2020.08.20,13:30,0.7164,0.7172,0.7161,0.7169,152
2020.08.20,14:00,0.7168,0.7169,0.7161,0.7167,156
2020.08.20,14:30,0.7168,0.7174,0.7163,0.7166,173
2020.08.20,15:00,0.7167,0.7167,0.7159,0.7160,174
2020.08.20,15:30,0.7161,0.7172,0.7149,0.7152,207
2020.08.20,16:00,0.7153,0.7154,0.7138,0.7143,225
2020.08.20,16:30,0.7142,0.7157,0.7140,0.7154,237
2020.08.20,17:00,0.7153,0.7164,0.7148,0.7159,201
2020.08.20,17:30,0.7160,0.7172,0.7157,0.7166,203
2020.08.20,18:00,0.7165,0.7168,0.7157,0.7167,171
2020.08.20,18:30,0.7166,0.7180,0.7166,0.7179,151
2020.08.20,19:00,0.7180,0.7185,0.7178,0.7184,162
2020.08.20,19:30,0.7183,0.7185,0.7177,0.7180,126
2020.08.20,20:00,0.7181,0.7185,0.7178,0.7179,129
2020.08.20,20:30,0.7180,0.7189,0.7178,0.7185,132
2020.08.20,21:00,0.7186,0.7195,0.7183,0.7194,133
2020.08.20,21:30,0.7193,0.7198,0.7187,0.7195,143
2020.08.20,22:00,0.7194,0.7201,0.7192,0.7197,149
2020.08.20,22:30,0.7196,0.7203,0.7193,0.7203,156
2020.08.20,23:00,0.7202,0.7205,0.7195,0.7197,82
2020.08.20,23:30,0.7196,0.7199,0.7192,0.7194,88
2020.08.21,00:00,0.7193,0.7195,0.7190,0.7194,129
2020.08.21,00:30,0.7194,0.7197,0.7191,0.7194,103
2020.08.21,01:00,0.7195,0.7199,0.7193,0.7198,104
2020.08.21,01:30,0.7199,0.7202,0.7197,0.7201,101
2020.08.21,02:00,0.7202,0.7203,0.7196,0.7201,124
2020.08.21,02:30,0.7202,0.7211,0.7200,0.7206,127
2020.08.21,03:00,0.7207,0.7218,0.7207,0.7211,179
2020.08.21,03:30,0.7212,0.7214,0.7206,0.7210,143
2020.08.21,04:00,0.7211,0.7212,0.7200,0.7201,161
2020.08.21,04:30,0.7200,0.7210,0.7199,0.7203,179
2020.08.21,05:00,0.7202,0.7207,0.7199,0.7202,147
2020.08.21,05:30,0.7203,0.7205,0.7198,0.7204,148
2020.08.21,06:00,0.7205,0.7207,0.7202,0.7203,127
2020.08.21,06:30,0.7204,0.7205,0.7199,0.7201,116
2020.08.21,07:00,0.7200,0.7205,0.7196,0.7199,134
2020.08.21,07:30,0.7200,0.7203,0.7195,0.7203,122
2020.08.21,08:00,0.7202,0.7210,0.7202,0.7207,134
2020.08.21,08:30,0.7206,0.7207,0.7200,0.7204,137
2020.08.21,09:00,0.7203,0.7207,0.7198,0.7200,160
2020.08.21,09:30,0.7201,0.7203,0.7193,0.7197,123
2020.08.21,10:00,0.7196,0.7199,0.7185,0.7191,171
2020.08.21,10:30,0.7192,0.7199,0.7187,0.7196,167
2020.08.21,11:00,0.7195,0.7195,0.7182,0.7183,181
2020.08.21,11:30,0.7184,0.7187,0.7173,0.7182,193
2020.08.21,12:00,0.7183,0.7189,0.7182,0.7189,151
2020.08.21,12:30,0.7188,0.7190,0.7183,0.7189,179
2020.08.21,13:00,0.7188,0.7191,0.7175,0.7177,157
2020.08.21,13:30,0.7176,0.7186,0.7173,0.7186,151
2020.08.21,14:00,0.7185,0.7187,0.7180,0.7182,158
2020.08.21,14:30,0.7181,0.7183,0.7164,0.7165,177
2020.08.21,15:00,0.7166,0.7167,0.7156,0.7165,206
2020.08.21,15:30,0.7164,0.7171,0.7156,0.7167,176
2020.08.21,16:00,0.7168,0.7177,0.7160,0.7171,206
2020.08.21,16:30,0.7172,0.7173,0.7148,0.7149,252
2020.08.21,17:00,0.7148,0.7156,0.7144,0.7154,186
2020.08.21,17:30,0.7153,0.7161,0.7142,0.7158,194
2020.08.21,18:00,0.7159,0.7165,0.7150,0.7165,161
2020.08.21,18:30,0.7164,0.7166,0.7154,0.7158,155
2020.08.21,19:00,0.7157,0.7158,0.7150,0.7151,137
2020.08.21,19:30,0.7152,0.7154,0.7143,0.7150,143
2020.08.21,20:00,0.7151,0.7151,0.7145,0.7147,131
2020.08.21,20:30,0.7146,0.7153,0.7145,0.7153,160
2020.08.21,21:00,0.7151,0.7157,0.7150,0.7156,124
2020.08.21,21:30,0.7155,0.7165,0.7155,0.7163,125
2020.08.21,22:00,0.7162,0.7168,0.7160,0.7164,129
2020.08.21,22:30,0.7165,0.7168,0.7163,0.7167,125
2020.08.21,23:00,0.7168,0.7169,0.7164,0.7168,93
2020.08.21,23:30,0.7167,0.7168,0.7160,0.7163,87
2020.08.24,00:00,0.7167,0.7170,0.7154,0.7162,70
2020.08.24,00:30,0.7161,0.7166,0.7159,0.7163,102
2020.08.24,01:00,0.7161,0.7170,0.7161,0.7167,121
2020.08.24,01:30,0.7168,0.7171,0.7162,0.7170,125
2020.08.24,02:00,0.7171,0.7172,0.7166,0.7170,136
2020.08.24,02:30,0.7168,0.7170,0.7160,0.7162,130
2020.08.24,03:00,0.7161,0.7166,0.7155,0.7163,144
2020.08.24,03:30,0.7164,0.7167,0.7159,0.7162,133
2020.08.24,04:00,0.7161,0.7180,0.7160,0.7177,163
2020.08.24,04:30,0.7178,0.7178,0.7170,0.7176,147
2020.08.24,05:00,0.7175,0.7179,0.7173,0.7175,144
2020.08.24,05:30,0.7176,0.7179,0.7166,0.7169,138
2020.08.24,06:00,0.7170,0.7173,0.7168,0.7172,126
2020.08.24,06:30,0.7171,0.7171,0.7164,0.7169,152
2020.08.24,07:00,0.7167,0.7171,0.7165,0.7170,140
2020.08.24,07:30,0.7169,0.7172,0.7162,0.7167,136
2020.08.24,08:00,0.7166,0.7167,0.7162,0.7166,87
2020.08.24,08:30,0.7167,0.7180,0.7167,0.7179,129
2020.08.24,09:00,0.7180,0.7183,0.7174,0.7179,128
2020.08.24,09:30,0.7180,0.7183,0.7175,0.7180,131
2020.08.24,10:00,0.7181,0.7184,0.7177,0.7179,149
2020.08.24,10:30,0.7178,0.7187,0.7175,0.7187,172
2020.08.24,11:00,0.7186,0.7188,0.7180,0.7185,132
2020.08.24,11:30,0.7184,0.7189,0.7180,0.7182,141
2020.08.24,12:00,0.7183,0.7191,0.7180,0.7189,133
2020.08.24,12:30,0.7188,0.7193,0.7186,0.7191,110
2020.08.24,13:00,0.7190,0.7194,0.7187,0.7194,121
2020.08.24,13:30,0.7195,0.7198,0.7191,0.7192,132
2020.08.24,14:00,0.7193,0.7199,0.7192,0.7198,130
2020.08.24,14:30,0.7199,0.7201,0.7194,0.7200,98
2020.08.24,15:00,0.7201,0.7206,0.7194,0.7196,150
2020.08.24,15:30,0.7197,0.7199,0.7191,0.7198,142
2020.08.24,16:00,0.7199,0.7200,0.7194,0.7196,130
2020.08.24,16:30,0.7197,0.7197,0.7179,0.7179,183
2020.08.24,17:00,0.7180,0.7186,0.7178,0.7179,168
2020.08.24,17:30,0.7180,0.7181,0.7172,0.7175,192
2020.08.24,18:00,0.7174,0.7177,0.7168,0.7169,164
2020.08.24,18:30,0.7170,0.7177,0.7169,0.7176,143
2020.08.24,19:00,0.7175,0.7179,0.7172,0.7175,143
2020.08.24,19:30,0.7174,0.7175,0.7169,0.7174,138
2020.08.24,20:00,0.7173,0.7178,0.7171,0.7175,131
2020.08.24,20:30,0.7174,0.7175,0.7169,0.7172,127
2020.08.24,21:00,0.7171,0.7174,0.7165,0.7168,112
2020.08.24,21:30,0.7167,0.7170,0.7160,0.7164,110
2020.08.24,22:00,0.7163,0.7165,0.7156,0.7159,121
2020.08.24,22:30,0.7160,0.7167,0.7158,0.7166,137
2020.08.24,23:00,0.7165,0.7166,0.7162,0.7165,77
2020.08.24,23:30,0.7164,0.7165,0.7161,0.7164,91
2020.08.25,00:00,0.7163,0.7167,0.7163,0.7166,74
2020.08.25,00:30,0.7165,0.7167,0.7164,0.7167,88
2020.08.25,01:00,0.7166,0.7169,0.7163,0.7165,109
2020.08.25,01:30,0.7166,0.7169,0.7164,0.7169,78
2020.08.25,02:00,0.7168,0.7169,0.7163,0.7164,101
2020.08.25,02:30,0.7165,0.7173,0.7165,0.7172,116
2020.08.25,03:00,0.7171,0.7172,0.7157,0.7167,157
2020.08.25,03:30,0.7168,0.7180,0.7168,0.7179,168
2020.08.25,04:00,0.7180,0.7182,0.7175,0.7180,167
2020.08.25,04:30,0.7181,0.7184,0.7176,0.7181,151
2020.08.25,05:00,0.7182,0.7185,0.7176,0.7179,130
2020.08.25,05:30,0.7178,0.7181,0.7173,0.7176,145
2020.08.25,06:00,0.7175,0.7176,0.7167,0.7172,114
2020.08.25,06:30,0.7171,0.7176,0.7170,0.7176,116
2020.08.25,07:00,0.7175,0.7179,0.7174,0.7175,105
2020.08.25,07:30,0.7174,0.7179,0.7170,0.7171,108
2020.08.25,08:00,0.7170,0.7173,0.7167,0.7172,117
2020.08.25,08:30,0.7173,0.7176,0.7171,0.7175,116
2020.08.25,09:00,0.7174,0.7180,0.7174,0.7180,123
2020.08.25,09:30,0.7179,0.7181,0.7169,0.7170,138
2020.08.25,10:00,0.7169,0.7179,0.7169,0.7172,144
2020.08.25,10:30,0.7171,0.7177,0.7171,0.7173,139
2020.08.25,11:00,0.7172,0.7175,0.7162,0.7164,145
2020.08.25,11:30,0.7163,0.7164,0.7153,0.7164,158
2020.08.25,12:00,0.7163,0.7174,0.7163,0.7174,146
2020.08.25,12:30,0.7173,0.7175,0.7169,0.7170,122
2020.08.25,13:00,0.7171,0.7182,0.7170,0.7180,136
2020.08.25,13:30,0.7179,0.7184,0.7178,0.7182,132
2020.08.25,14:00,0.7183,0.7188,0.7177,0.7179,117
2020.08.25,14:30,0.7178,0.7182,0.7175,0.7177,126
2020.08.25,15:00,0.7178,0.7181,0.7171,0.7174,134
2020.08.25,15:30,0.7175,0.7183,0.7171,0.7182,134
2020.08.25,16:00,0.7183,0.7194,0.7180,0.7189,173
2020.08.25,16:30,0.7188,0.7190,0.7179,0.7186,186
2020.08.25,17:00,0.7185,0.7188,0.7178,0.7186,176
2020.08.25,17:30,0.7185,0.7186,0.7171,0.7176,198
2020.08.25,18:00,0.7175,0.7181,0.7170,0.7172,160
2020.08.25,18:30,0.7173,0.7182,0.7172,0.7182,154
2020.08.25,19:00,0.7181,0.7184,0.7172,0.7172,129
2020.08.25,19:30,0.7171,0.7176,0.7171,0.7174,104
2020.08.25,20:00,0.7173,0.7179,0.7173,0.7178,116
2020.08.25,20:30,0.7177,0.7185,0.7177,0.7185,105
2020.08.25,21:00,0.7184,0.7195,0.7183,0.7194,135
2020.08.25,21:30,0.7193,0.7198,0.7192,0.7198,122
2020.08.25,22:00,0.7199,0.7200,0.7193,0.7198,116
2020.08.25,22:30,0.7197,0.7199,0.7193,0.7193,99
2020.08.25,23:00,0.7194,0.7200,0.7193,0.7197,96
2020.08.25,23:30,0.7198,0.7198,0.7194,0.7197,88
2020.08.26,00:00,0.7198,0.7198,0.7195,0.7196,49
2020.08.26,00:30,0.7195,0.7197,0.7192,0.7197,204
2020.08.26,01:00,0.7196,0.7197,0.7193,0.7196,81
2020.08.26,01:30,0.7195,0.7197,0.7193,0.7194,68
2020.08.26,02:00,0.7195,0.7197,0.7194,0.7197,83
2020.08.26,02:30,0.7196,0.7210,0.7196,0.7199,132
2020.08.26,03:00,0.7200,0.7209,0.7199,0.7207,140
2020.08.26,03:30,0.7206,0.7207,0.7198,0.7202,126
2020.08.26,04:00,0.7203,0.7205,0.7198,0.7204,146
2020.08.26,04:30,0.7205,0.7208,0.7201,0.7205,149
2020.08.26,05:00,0.7204,0.7206,0.7199,0.7200,127
2020.08.26,05:30,0.7201,0.7205,0.7193,0.7194,150
2020.08.26,06:00,0.7195,0.7195,0.7189,0.7192,122
2020.08.26,06:30,0.7191,0.7197,0.7190,0.7193,105
2020.08.26,07:00,0.7192,0.7197,0.7192,0.7195,86
2020.08.26,07:30,0.7194,0.7199,0.7192,0.7195,116
2020.08.26,08:00,0.7194,0.7200,0.7193,0.7198,113
2020.08.26,08:30,0.7197,0.7199,0.7192,0.7196,132
2020.08.26,09:00,0.7195,0.7198,0.7190,0.7197,133
2020.08.26,09:30,0.7196,0.7203,0.7195,0.7199,114
2020.08.26,10:00,0.7198,0.7203,0.7190,0.7201,170
2020.08.26,10:30,0.7202,0.7207,0.7198,0.7199,148
2020.08.26,11:00,0.7200,0.7208,0.7199,0.7202,145
2020.08.26,11:30,0.7201,0.7213,0.7200,0.7209,151
2020.08.26,12:00,0.7210,0.7211,0.7197,0.7201,136
2020.08.26,12:30,0.7202,0.7204,0.7197,0.7204,125
2020.08.26,13:00,0.7203,0.7207,0.7201,0.7203,139
2020.08.26,13:30,0.7202,0.7207,0.7202,0.7206,119
2020.08.26,14:00,0.7205,0.7214,0.7203,0.7211,115
2020.08.26,14:30,0.7210,0.7211,0.7202,0.7203,138
2020.08.26,15:00,0.7202,0.7206,0.7200,0.7203,158
2020.08.26,15:30,0.7202,0.7203,0.7189,0.7199,148
2020.08.26,16:00,0.7198,0.7207,0.7197,0.7207,146
2020.08.26,16:30,0.7206,0.7221,0.7206,0.7218,173
2020.08.26,17:00,0.7217,0.7231,0.7213,0.7229,167
2020.08.26,17:30,0.7228,0.7230,0.7221,0.7227,168
2020.08.26,18:00,0.7226,0.7228,0.7221,0.7226,131
2020.08.26,18:30,0.7227,0.7233,0.7223,0.7224,132
2020.08.26,19:00,0.7225,0.7240,0.7223,0.7237,145
2020.08.26,19:30,0.7238,0.7240,0.7233,0.7235,138
2020.08.26,20:00,0.7236,0.7242,0.7235,0.7237,137
2020.08.26,20:30,0.7238,0.7240,0.7235,0.7238,113
2020.08.26,21:00,0.7236,0.7239,0.7235,0.7236,115
2020.08.26,21:30,0.7237,0.7237,0.7227,0.7227,121
2020.08.26,22:00,0.7228,0.7237,0.7227,0.7237,128
2020.08.26,22:30,0.7236,0.7237,0.7232,0.7236,139
2020.08.26,23:00,0.7235,0.7240,0.7234,0.7240,86
2020.08.26,23:30,0.7239,0.7241,0.7234,0.7236,103
2020.08.27,00:00,0.7235,0.7238,0.7230,0.7238,102
2020.08.27,00:30,0.7237,0.7238,0.7232,0.7236,110
2020.08.27,01:00,0.7235,0.7239,0.7235,0.7239,110
2020.08.27,01:30,0.7238,0.7241,0.7237,0.7240,89
2020.08.27,02:00,0.7239,0.7245,0.7238,0.7243,121
2020.08.27,02:30,0.7242,0.7248,0.7240,0.7247,126
2020.08.27,03:00,0.7246,0.7251,0.7244,0.7245,136
2020.08.27,03:30,0.7244,0.7247,0.7242,0.7245,126
2020.08.27,04:00,0.7246,0.7253,0.7239,0.7242,155
2020.08.27,04:30,0.7241,0.7249,0.7232,0.7235,161
2020.08.27,05:00,0.7234,0.7238,0.7231,0.7234,121
2020.08.27,05:30,0.7233,0.7237,0.7232,0.7234,110
2020.08.27,06:00,0.7235,0.7238,0.7231,0.7238,120
2020.08.27,06:30,0.7237,0.7242,0.7236,0.7239,101
2020.08.27,07:00,0.7238,0.7240,0.7236,0.7238,75
2020.08.27,07:30,0.7239,0.7243,0.7239,0.7240,104
2020.08.27,08:00,0.7241,0.7244,0.7236,0.7243,110
2020.08.27,08:30,0.7242,0.7242,0.7236,0.7237,100
2020.08.27,09:00,0.7238,0.7239,0.7235,0.7238,129
2020.08.27,09:30,0.7237,0.7243,0.7235,0.7240,124
2020.08.27,10:00,0.7241,0.7249,0.7235,0.7248,148
2020.08.27,10:30,0.7247,0.7266,0.7246,0.7257,155
2020.08.27,11:00,0.7256,0.7260,0.7252,0.7257,150
2020.08.27,11:30,0.7256,0.7263,0.7253,0.7256,131
2020.08.27,12:00,0.7257,0.7258,0.7249,0.7252,122
2020.08.27,12:30,0.7251,0.7258,0.7251,0.7257,128
2020.08.27,13:00,0.7256,0.7258,0.7249,0.7257,138
2020.08.27,13:30,0.7256,0.7256,0.7243,0.7250,141
2020.08.27,14:00,0.7249,0.7249,0.7242,0.7246,136
2020.08.27,14:30,0.7245,0.7252,0.7244,0.7249,107
2020.08.27,15:00,0.7250,0.7253,0.7246,0.7252,129
2020.08.27,15:30,0.7253,0.7263,0.7247,0.7257,183
2020.08.27,16:00,0.7258,0.7293,0.7253,0.7278,571
2020.08.27,16:30,0.7279,0.7281,0.7231,0.7248,560
2020.08.27,17:00,0.7247,0.7247,0.7219,0.7235,491
2020.08.27,17:30,0.7236,0.7239,0.7221,0.7235,297
2020.08.27,18:00,0.7234,0.7241,0.7228,0.7238,264
2020.08.27,18:30,0.7237,0.7267,0.7237,0.7262,242
2020.08.27,19:00,0.7261,0.7272,0.7258,0.7262,210
2020.08.27,19:30,0.7263,0.7267,0.7244,0.7245,219
2020.08.27,20:00,0.7244,0.7255,0.7242,0.7255,205
2020.08.27,20:30,0.7254,0.7262,0.7253,0.7258,171
2020.08.27,21:00,0.7259,0.7270,0.7258,0.7267,151
2020.08.27,21:30,0.7266,0.7267,0.7260,0.7261,154
2020.08.27,22:00,0.7260,0.7264,0.7259,0.7260,121
2020.08.27,22:30,0.7261,0.7264,0.7258,0.7259,167
2020.08.27,23:00,0.7258,0.7261,0.7256,0.7260,99
2020.08.27,23:30,0.7259,0.7261,0.7258,0.7259,107
2020.08.28,00:00,0.7261,0.7266,0.7258,0.7259,80
2020.08.28,00:30,0.7260,0.7264,0.7258,0.7263,75
2020.08.28,01:00,0.7264,0.7265,0.7261,0.7263,72
2020.08.28,01:30,0.7264,0.7264,0.7258,0.7258,79
2020.08.28,02:00,0.7259,0.7263,0.7257,0.7260,110
2020.08.28,02:30,0.7259,0.7273,0.7259,0.7272,146
2020.08.28,03:00,0.7271,0.7273,0.7261,0.7261,133
2020.08.28,03:30,0.7262,0.7270,0.7258,0.7265,156
2020.08.28,04:00,0.7264,0.7269,0.7261,0.7262,160
2020.08.28,04:30,0.7263,0.7274,0.7261,0.7273,161
2020.08.28,05:00,0.7272,0.7278,0.7271,0.7276,159
2020.08.28,05:30,0.7277,0.7283,0.7272,0.7283,165
2020.08.28,06:00,0.7284,0.7292,0.7284,0.7292,159
2020.08.28,06:30,0.7291,0.7293,0.7287,0.7291,145
2020.08.28,07:00,0.7292,0.7294,0.7288,0.7289,132
2020.08.28,07:30,0.7290,0.7296,0.7286,0.7295,142
2020.08.28,08:00,0.7294,0.7298,0.7289,0.7293,241
2020.08.28,08:30,0.7294,0.7301,0.7289,0.7301,166
2020.08.28,09:00,0.7300,0.7305,0.7294,0.7298,161
2020.08.28,09:30,0.7297,0.7307,0.7296,0.7304,172
2020.08.28,10:00,0.7305,0.7316,0.7303,0.7311,235
2020.08.28,10:30,0.7312,0.7318,0.7310,0.7314,187
2020.08.28,11:00,0.7313,0.7317,0.7304,0.7317,207
2020.08.28,11:30,0.7316,0.7319,0.7310,0.7316,171
2020.08.28,12:00,0.7317,0.7325,0.7316,0.7320,171
2020.08.28,12:30,0.7319,0.7325,0.7313,0.7314,154
2020.08.28,13:00,0.7315,0.7316,0.7305,0.7312,142
2020.08.28,13:30,0.7311,0.7325,0.7310,0.7325,145
2020.08.28,14:00,0.7324,0.7344,0.7324,0.7344,185
2020.08.28,14:30,0.7345,0.7351,0.7342,0.7346,160
2020.08.28,15:00,0.7347,0.7352,0.7344,0.7348,138
2020.08.28,15:30,0.7349,0.7351,0.7332,0.7336,228
2020.08.28,16:00,0.7335,0.7346,0.7332,0.7343,225
2020.08.28,16:30,0.7342,0.7350,0.7338,0.7339,226
2020.08.28,17:00,0.7338,0.7348,0.7330,0.7346,231
2020.08.28,17:30,0.7345,0.7359,0.7339,0.7349,255
2020.08.28,18:00,0.7350,0.7359,0.7345,0.7353,198
2020.08.28,18:30,0.7352,0.7357,0.7351,0.7354,174
2020.08.28,19:00,0.7353,0.7357,0.7349,0.7351,137
2020.08.28,19:30,0.7352,0.7353,0.7343,0.7347,150
2020.08.28,20:00,0.7348,0.7348,0.7342,0.7344,149
2020.08.28,20:30,0.7345,0.7349,0.7341,0.7346,152
2020.08.28,21:00,0.7345,0.7357,0.7345,0.7355,143
2020.08.28,21:30,0.7354,0.7360,0.7350,0.7360,113
2020.08.28,22:00,0.7359,0.7360,0.7353,0.7360,140
2020.08.28,22:30,0.7359,0.7362,0.7356,0.7359,129
2020.08.28,23:00,0.7358,0.7363,0.7357,0.7362,99
2020.08.28,23:30,0.7363,0.7369,0.7360,0.7368,112
2020.08.31,00:00,0.7367,0.7367,0.7360,0.7364,91
2020.08.31,00:30,0.7364,0.7366,0.7361,0.7366,77
2020.08.31,01:00,0.7365,0.7372,0.7360,0.7362,148
2020.08.31,01:30,0.7361,0.7370,0.7360,0.7367,132
2020.08.31,02:00,0.7366,0.7368,0.7362,0.7366,119
2020.08.31,02:30,0.7367,0.7375,0.7362,0.7373,134
2020.08.31,03:00,0.7372,0.7384,0.7365,0.7366,184
2020.08.31,03:30,0.7365,0.7372,0.7358,0.7359,173
2020.08.31,04:00,0.7360,0.7360,0.7348,0.7356,184
2020.08.31,04:30,0.7357,0.7375,0.7356,0.7373,173
2020.08.31,05:00,0.7372,0.7373,0.7367,0.7370,150
2020.08.31,05:30,0.7371,0.7375,0.7366,0.7374,146
2020.08.31,06:00,0.7373,0.7374,0.7366,0.7367,151
2020.08.31,06:30,0.7366,0.7370,0.7365,0.7369,132
2020.08.31,07:00,0.7368,0.7369,0.7358,0.7360,124
2020.08.31,07:30,0.7359,0.7360,0.7349,0.7351,129
2020.08.31,08:00,0.7352,0.7354,0.7345,0.7347,145
2020.08.31,08:30,0.7346,0.7357,0.7345,0.7356,140
2020.08.31,09:00,0.7355,0.7358,0.7345,0.7348,150
2020.08.31,09:30,0.7347,0.7351,0.7343,0.7349,156
2020.08.31,10:00,0.7348,0.7358,0.7346,0.7354,160
2020.08.31,10:30,0.7353,0.7356,0.7348,0.7352,172
2020.08.31,11:00,0.7351,0.7356,0.7348,0.7352,148
2020.08.31,11:30,0.7351,0.7361,0.7350,0.7361,147
2020.08.31,12:00,0.7360,0.7362,0.7357,0.7359,152
2020.08.31,12:30,0.7360,0.7360,0.7353,0.7354,133
2020.08.31,13:00,0.7353,0.7358,0.7352,0.7358,119
2020.08.31,13:30,0.7359,0.7369,0.7358,0.7358,140
2020.08.31,14:00,0.7359,0.7363,0.7355,0.7362,138
2020.08.31,14:30,0.7361,0.7374,0.7357,0.7371,141
2020.08.31,15:00,0.7370,0.7370,0.7359,0.7360,153
2020.08.31,15:30,0.7359,0.7369,0.7359,0.7365,151
2020.08.31,16:00,0.7366,0.7376,0.7361,0.7371,160
2020.08.31,16:30,0.7370,0.7373,0.7365,0.7369,192
2020.08.31,17:00,0.7368,0.7387,0.7367,0.7387,166
2020.08.31,17:30,0.7386,0.7406,0.7385,0.7397,252
2020.08.31,18:00,0.7396,0.7400,0.7378,0.7382,225
2020.08.31,18:30,0.7383,0.7395,0.7376,0.7390,178
2020.08.31,19:00,0.7389,0.7395,0.7387,0.7395,157
2020.08.31,19:30,0.7394,0.7396,0.7388,0.7393,154
2020.08.31,20:00,0.7392,0.7396,0.7389,0.7390,173
2020.08.31,20:30,0.7391,0.7396,0.7389,0.7393,147
2020.08.31,21:00,0.7392,0.7393,0.7387,0.7389,153
2020.08.31,21:30,0.7390,0.7396,0.7388,0.7389,148
2020.08.31,22:00,0.7388,0.7390,0.7379,0.7382,188
2020.08.31,22:30,0.7383,0.7386,0.7377,0.7378,154
2020.08.31,23:00,0.7377,0.7380,0.7373,0.7377,121
2020.08.31,23:30,0.7376,0.7380,0.7374,0.7378,95
2020.09.01,00:00,0.7377,0.7385,0.7376,0.7380,107
2020.09.01,00:30,0.7381,0.7383,0.7375,0.7378,184
2020.09.01,01:00,0.7379,0.7382,0.7376,0.7377,125
2020.09.01,01:30,0.7376,0.7380,0.7374,0.7378,99
2020.09.01,02:00,0.7377,0.7383,0.7376,0.7380,128
2020.09.01,02:30,0.7378,0.7385,0.7377,0.7380,116
2020.09.01,03:00,0.7381,0.7394,0.7379,0.7389,172
2020.09.01,03:30,0.7390,0.7391,0.7370,0.7377,174
2020.09.01,04:00,0.7378,0.7386,0.7378,0.7382,201
2020.09.01,04:30,0.7381,0.7402,0.7381,0.7402,261
2020.09.01,05:00,0.7401,0.7404,0.7395,0.7399,193
2020.09.01,05:30,0.7400,0.7416,0.7395,0.7411,272
2020.09.01,06:00,0.7412,0.7413,0.7406,0.7411,183
2020.09.01,06:30,0.7410,0.7413,0.7405,0.7407,168
2020.09.01,07:00,0.7408,0.7411,0.7402,0.7402,157
2020.09.01,07:30,0.7403,0.7413,0.7397,0.7400,190
2020.09.01,08:00,0.7401,0.7412,0.7399,0.7403,161
2020.09.01,08:30,0.7404,0.7416,0.7398,0.7414,167
2020.09.01,09:00,0.7413,0.7413,0.7401,0.7401,173
2020.09.01,09:30,0.7402,0.7406,0.7395,0.7402,174
2020.09.01,10:00,0.7401,0.7405,0.7391,0.7395,189
2020.09.01,10:30,0.7396,0.7413,0.7392,0.7411,190
2020.09.01,11:00,0.7410,0.7410,0.7398,0.7401,200
2020.09.01,11:30,0.7400,0.7401,0.7381,0.7388,193
2020.09.01,12:00,0.7387,0.7390,0.7382,0.7384,161
2020.09.01,12:30,0.7385,0.7391,0.7382,0.7385,155
2020.09.01,13:00,0.7386,0.7389,0.7377,0.7388,163
2020.09.01,13:30,0.7389,0.7394,0.7382,0.7390,176
2020.09.01,14:00,0.7389,0.7393,0.7380,0.7385,153
2020.09.01,14:30,0.7384,0.7388,0.7381,0.7384,175
2020.09.01,15:00,0.7383,0.7384,0.7378,0.7379,163
2020.09.01,15:30,0.7378,0.7392,0.7377,0.7390,164
2020.09.01,16:00,0.7391,0.7396,0.7383,0.7392,208
2020.09.01,16:30,0.7391,0.7391,0.7375,0.7384,246
2020.09.01,17:00,0.7383,0.7383,0.7369,0.7376,294
2020.09.01,17:30,0.7375,0.7385,0.7370,0.7381,225
2020.09.01,18:00,0.7382,0.7386,0.7375,0.7377,192
2020.09.01,18:30,0.7378,0.7382,0.7373,0.7377,185
2020.09.01,19:00,0.7376,0.7379,0.7373,0.7376,168
2020.09.01,19:30,0.7375,0.7383,0.7370,0.7380,158
2020.09.01,20:00,0.7379,0.7381,0.7362,0.7374,182
2020.09.01,20:30,0.7373,0.7379,0.7369,0.7371,195
2020.09.01,21:00,0.7372,0.7378,0.7370,0.7376,167
2020.09.01,21:30,0.7375,0.7377,0.7365,0.7370,156
2020.09.01,22:00,0.7369,0.7370,0.7362,0.7366,166
2020.09.01,22:30,0.7367,0.7373,0.7364,0.7373,167
2020.09.01,23:00,0.7374,0.7377,0.7370,0.7377,117
2020.09.01,23:30,0.7376,0.7379,0.7372,0.7373,112
2020.09.02,00:00,0.7374,0.7380,0.7371,0.7377,95
2020.09.02,00:30,0.7379,0.7381,0.7375,0.7377,121
2020.09.02,01:00,0.7376,0.7380,0.7375,0.7379,108
2020.09.02,01:30,0.7378,0.7379,0.7374,0.7377,108
2020.09.02,02:00,0.7376,0.7378,0.7372,0.7377,136
2020.09.02,02:30,0.7378,0.7384,0.7374,0.7380,157
2020.09.02,03:00,0.7379,0.7383,0.7373,0.7374,154
2020.09.02,03:30,0.7375,0.7380,0.7364,0.7366,180
2020.09.02,04:00,0.7365,0.7367,0.7352,0.7362,232
2020.09.02,04:30,0.7361,0.7361,0.7338,0.7349,293
2020.09.02,05:00,0.7348,0.7359,0.7345,0.7355,155
2020.09.02,05:30,0.7356,0.7357,0.7348,0.7353,141
2020.09.02,06:00,0.7352,0.7356,0.7349,0.7354,126
2020.09.02,06:30,0.7353,0.7355,0.7350,0.7355,123
2020.09.02,07:00,0.7354,0.7358,0.7351,0.7356,121
2020.09.02,07:30,0.7355,0.7360,0.7354,0.7358,126
2020.09.02,08:00,0.7357,0.7360,0.7355,0.7357,139
2020.09.02,08:30,0.7356,0.7363,0.7353,0.7363,124
2020.09.02,09:00,0.7362,0.7369,0.7357,0.7359,156
2020.09.02,09:30,0.7358,0.7361,0.7352,0.7359,158
2020.09.02,10:00,0.7358,0.7363,0.7351,0.7354,193
2020.09.02,10:30,0.7353,0.7357,0.7343,0.7344,177
2020.09.02,11:00,0.7343,0.7352,0.7342,0.7346,180
2020.09.02,11:30,0.7345,0.7350,0.7342,0.7345,157
2020.09.02,12:00,0.7344,0.7353,0.7344,0.7348,149
2020.09.02,12:30,0.7349,0.7352,0.7344,0.7350,146
2020.09.02,13:00,0.7349,0.7353,0.7343,0.7345,168
2020.09.02,13:30,0.7344,0.7350,0.7344,0.7345,136
2020.09.02,14:00,0.7344,0.7347,0.7335,0.7335,158
2020.09.02,14:30,0.7336,0.7340,0.7329,0.7336,177
2020.09.02,15:00,0.7337,0.7349,0.7332,0.7344,190
2020.09.02,15:30,0.7343,0.7344,0.7332,0.7338,190
2020.09.02,16:00,0.7337,0.7338,0.7317,0.7318,180
2020.09.02,16:30,0.7319,0.7322,0.7305,0.7310,238
2020.09.02,17:00,0.7311,0.7317,0.7303,0.7314,210
2020.09.02,17:30,0.7315,0.7328,0.7315,0.7326,232
2020.09.02,18:00,0.7325,0.7326,0.7313,0.7313,195
2020.09.02,18:30,0.7314,0.7322,0.7307,0.7322,182
2020.09.02,19:00,0.7321,0.7324,0.7316,0.7320,166
2020.09.02,19:30,0.7321,0.7331,0.7318,0.7330,184
2020.09.02,20:00,0.7329,0.7329,0.7323,0.7326,146
2020.09.02,20:30,0.7325,0.7327,0.7319,0.7325,165
2020.09.02,21:00,0.7324,0.7325,0.7320,0.7322,163
2020.09.02,21:30,0.7321,0.7326,0.7317,0.7320,182
2020.09.02,22:00,0.7319,0.7336,0.7316,0.7334,166
2020.09.02,22:30,0.7333,0.7336,0.7330,0.7336,184
2020.09.02,23:00,0.7335,0.7339,0.7332,0.7339,124
2020.09.02,23:30,0.7338,0.7341,0.7336,0.7340,102
2020.09.03,00:00,0.7339,0.7341,0.7336,0.7338,88
2020.09.03,00:30,0.7338,0.7339,0.7337,0.7337,64
2020.09.03,01:00,0.7338,0.7339,0.7335,0.7337,84
2020.09.03,01:30,0.7338,0.7339,0.7336,0.7338,79
2020.09.03,02:00,0.7339,0.7340,0.7335,0.7340,108
2020.09.03,02:30,0.7339,0.7339,0.7331,0.7331,119
2020.09.03,03:00,0.7330,0.7332,0.7323,0.7330,153
2020.09.03,03:30,0.7331,0.7335,0.7324,0.7324,138
2020.09.03,04:00,0.7325,0.7329,0.7314,0.7318,162
2020.09.03,04:30,0.7317,0.7330,0.7313,0.7328,176
2020.09.03,05:00,0.7329,0.7333,0.7324,0.7331,165
2020.09.03,05:30,0.7329,0.7331,0.7321,0.7327,145
2020.09.03,06:00,0.7326,0.7327,0.7317,0.7323,150
2020.09.03,06:30,0.7322,0.7327,0.7319,0.7320,145
2020.09.03,07:00,0.7321,0.7324,0.7318,0.7320,166
2020.09.03,07:30,0.7321,0.7321,0.7314,0.7318,150
2020.09.03,08:00,0.7317,0.7319,0.7312,0.7313,145
2020.09.03,08:30,0.7312,0.7313,0.7305,0.7308,161
2020.09.03,09:00,0.7307,0.7313,0.7303,0.7310,152
2020.09.03,09:30,0.7311,0.7311,0.7299,0.7305,161
2020.09.03,10:00,0.7304,0.7318,0.7299,0.7314,175
2020.09.03,10:30,0.7315,0.7322,0.7311,0.7314,146
2020.09.03,11:00,0.7313,0.7317,0.7308,0.7312,152
2020.09.03,11:30,0.7311,0.7321,0.7311,0.7319,151
2020.09.03,12:00,0.7318,0.7319,0.7305,0.7305,160
2020.09.03,12:30,0.7306,0.7308,0.7294,0.7296,148
2020.09.03,13:00,0.7295,0.7304,0.7293,0.7302,146
2020.09.03,13:30,0.7303,0.7303,0.7294,0.7297,149
2020.09.03,14:00,0.7296,0.7302,0.7294,0.7297,144
2020.09.03,14:30,0.7296,0.7299,0.7286,0.7289,144
2020.09.03,15:00,0.7290,0.7293,0.7284,0.7292,179
2020.09.03,15:30,0.7291,0.7304,0.7291,0.7299,209
2020.09.03,16:00,0.7298,0.7312,0.7294,0.7312,176
2020.09.03,16:30,0.7313,0.7314,0.7299,0.7303,199
2020.09.03,17:00,0.7304,0.7307,0.7288,0.7294,229
2020.09.03,17:30,0.7295,0.7304,0.7291,0.7299,333
2020.09.03,18:00,0.7298,0.7299,0.7269,0.7276,317
2020.09.03,18:30,0.7277,0.7282,0.7270,0.7274,246
2020.09.03,19:00,0.7273,0.7284,0.7270,0.7281,229
2020.09.03,19:30,0.7280,0.7283,0.7269,0.7270,201
2020.09.03,20:00,0.7271,0.7276,0.7267,0.7276,200
2020.09.03,20:30,0.7275,0.7278,0.7268,0.7276,188
2020.09.03,21:00,0.7275,0.7281,0.7275,0.7279,193
2020.09.03,21:30,0.7278,0.7284,0.7274,0.7276,188
2020.09.03,22:00,0.7277,0.7281,0.7271,0.7272,175
2020.09.03,22:30,0.7271,0.7276,0.7268,0.7273,187
2020.09.03,23:00,0.7272,0.7278,0.7271,0.7278,111
2020.09.03,23:30,0.7277,0.7278,0.7273,0.7275,128
2020.09.04,00:00,0.7276,0.7277,0.7269,0.7276,109
2020.09.04,00:30,0.7277,0.7277,0.7274,0.7275,89
2020.09.04,01:00,0.7274,0.7275,0.7268,0.7271,106
2020.09.04,01:30,0.7272,0.7272,0.7267,0.7267,118
2020.09.04,02:00,0.7268,0.7270,0.7259,0.7262,167
2020.09.04,02:30,0.7261,0.7262,0.7254,0.7257,145
2020.09.04,03:00,0.7258,0.7273,0.7258,0.7269,150
2020.09.04,03:30,0.7268,0.7278,0.7266,0.7272,149
2020.09.04,04:00,0.7273,0.7281,0.7273,0.7278,144
2020.09.04,04:30,0.7277,0.7279,0.7272,0.7277,137
2020.09.04,05:00,0.7276,0.7281,0.7272,0.7274,143
2020.09.04,05:30,0.7273,0.7275,0.7267,0.7268,140
2020.09.04,06:00,0.7267,0.7275,0.7267,0.7273,135
2020.09.04,06:30,0.7272,0.7274,0.7270,0.7273,142
2020.09.04,07:00,0.7274,0.7277,0.7271,0.7275,122
2020.09.04,07:30,0.7276,0.7278,0.7272,0.7275,132
2020.09.04,08:00,0.7274,0.7276,0.7270,0.7272,131
2020.09.04,08:30,0.7271,0.7276,0.7267,0.7272,140
2020.09.04,09:00,0.7271,0.7274,0.7267,0.7270,154
2020.09.04,09:30,0.7271,0.7274,0.7264,0.7270,152
2020.09.04,10:00,0.7269,0.7283,0.7263,0.7278,178
2020.09.04,10:30,0.7279,0.7288,0.7277,0.7285,203
2020.09.04,11:00,0.7284,0.7291,0.7282,0.7284,159
2020.09.04,11:30,0.7283,0.7295,0.7280,0.7293,149
2020.09.04,12:00,0.7292,0.7297,0.7286,0.7290,153
2020.09.04,12:30,0.7289,0.7296,0.7285,0.7296,146
2020.09.04,13:00,0.7295,0.7299,0.7290,0.7290,150
2020.09.04,13:30,0.7289,0.7291,0.7282,0.7284,148
2020.09.04,14:00,0.7285,0.7287,0.7278,0.7282,154
2020.09.04,14:30,0.7283,0.7284,0.7274,0.7274,150
2020.09.04,15:00,0.7273,0.7279,0.7270,0.7277,185
2020.09.04,15:30,0.7278,0.7283,0.7265,0.7270,460
2020.09.04,16:00,0.7269,0.7270,0.7253,0.7255,267
2020.09.04,16:30,0.7254,0.7268,0.7239,0.7242,321
2020.09.04,17:00,0.7241,0.7246,0.7228,0.7234,315
2020.09.04,17:30,0.7235,0.7250,0.7225,0.7247,391
2020.09.04,18:00,0.7248,0.7248,0.7232,0.7241,264
2020.09.04,18:30,0.7242,0.7267,0.7242,0.7267,226
2020.09.04,19:00,0.7266,0.7280,0.7263,0.7279,210
2020.09.04,19:30,0.7278,0.7284,0.7277,0.7284,189
2020.09.04,20:00,0.7283,0.7288,0.7279,0.7283,203
2020.09.04,20:30,0.7282,0.7290,0.7281,0.7288,183
2020.09.04,21:00,0.7287,0.7295,0.7284,0.7295,195
2020.09.04,21:30,0.7294,0.7301,0.7292,0.7300,171
2020.09.04,22:00,0.7299,0.7301,0.7293,0.7298,190
2020.09.04,22:30,0.7297,0.7301,0.7293,0.7297,193
2020.09.04,23:00,0.7296,0.7298,0.7290,0.7292,123
2020.09.04,23:30,0.7291,0.7293,0.7282,0.7284,86
2020.09.07,00:00,0.7289,0.7292,0.7283,0.7288,55
2020.09.07,00:30,0.7289,0.7295,0.7284,0.7287,86
2020.09.07,01:00,0.7288,0.7288,0.7276,0.7280,144
2020.09.07,01:30,0.7281,0.7287,0.7279,0.7282,137
2020.09.07,02:00,0.7283,0.7290,0.7282,0.7287,163
2020.09.07,02:30,0.7286,0.7290,0.7281,0.7284,153
2020.09.07,03:00,0.7283,0.7290,0.7283,0.7284,152
2020.09.07,03:30,0.7285,0.7301,0.7283,0.7289,175
2020.09.07,04:00,0.7288,0.7294,0.7287,0.7289,192
2020.09.07,04:30,0.7290,0.7297,0.7287,0.7287,172
2020.09.07,05:00,0.7288,0.7290,0.7284,0.7287,160
2020.09.07,05:30,0.7286,0.7289,0.7282,0.7287,149
2020.09.07,06:00,0.7288,0.7288,0.7284,0.7287,144
2020.09.07,06:30,0.7286,0.7291,0.7284,0.7289,106
2020.09.07,07:00,0.7288,0.7291,0.7284,0.7287,132
2020.09.07,07:30,0.7286,0.7291,0.7286,0.7287,142
2020.09.07,08:00,0.7286,0.7289,0.7285,0.7288,133
2020.09.07,08:30,0.7287,0.7289,0.7278,0.7281,143
2020.09.07,09:00,0.7280,0.7285,0.7272,0.7274,169
2020.09.07,09:30,0.7273,0.7280,0.7273,0.7279,146
2020.09.07,10:00,0.7280,0.7286,0.7274,0.7285,180
2020.09.07,10:30,0.7286,0.7287,0.7279,0.7280,173
2020.09.07,11:00,0.7279,0.7288,0.7276,0.7286,158
2020.09.07,11:30,0.7287,0.7291,0.7282,0.7282,144
2020.09.07,12:00,0.7283,0.7287,0.7279,0.7286,172
2020.09.07,12:30,0.7285,0.7288,0.7282,0.7286,142
2020.09.07,13:00,0.7285,0.7287,0.7274,0.7278,152
2020.09.07,13:30,0.7279,0.7283,0.7276,0.7279,131
2020.09.07,14:00,0.7280,0.7284,0.7278,0.7282,131
2020.09.07,14:30,0.7281,0.7287,0.7280,0.7287,139
2020.09.07,15:00,0.7286,0.7288,0.7283,0.7286,143
2020.09.07,15:30,0.7285,0.7287,0.7282,0.7285,143
2020.09.07,16:00,0.7284,0.7285,0.7279,0.7281,164
2020.09.07,16:30,0.7282,0.7287,0.7280,0.7285,134
2020.09.07,17:00,0.7284,0.7288,0.7283,0.7287,148
2020.09.07,17:30,0.7286,0.7288,0.7281,0.7283,142
2020.09.07,18:00,0.7284,0.7286,0.7281,0.7283,106
2020.09.07,18:30,0.7284,0.7284,0.7279,0.7281,92
2020.09.07,19:00,0.7282,0.7282,0.7280,0.7282,57
2020.09.07,19:30,0.7281,0.7285,0.7280,0.7284,76
2020.09.07,20:00,0.7283,0.7284,0.7280,0.7283,107
2020.09.07,20:30,0.7282,0.7284,0.7279,0.7282,91
2020.09.07,21:00,0.7281,0.7282,0.7279,0.7282,135
2020.09.07,21:30,0.7280,0.7282,0.7277,0.7280,112
2020.09.07,22:00,0.7279,0.7282,0.7277,0.7279,147
2020.09.07,22:30,0.7280,0.7281,0.7277,0.7280,140
2020.09.07,23:00,0.7279,0.7281,0.7277,0.7279,133
2020.09.07,23:30,0.7278,0.7280,0.7276,0.7276,88
2020.09.08,00:00,0.7278,0.7281,0.7276,0.7278,60
2020.09.08,00:30,0.7278,0.7282,0.7278,0.7278,53
2020.09.08,01:00,0.7279,0.7284,0.7277,0.7283,87
2020.09.08,01:30,0.7282,0.7284,0.7279,0.7281,100
2020.09.08,02:00,0.7282,0.7285,0.7280,0.7282,117
2020.09.08,02:30,0.7283,0.7284,0.7278,0.7281,123
2020.09.08,03:00,0.7282,0.7289,0.7281,0.7284,148
2020.09.08,03:30,0.7283,0.7285,0.7276,0.7281,137
2020.09.08,04:00,0.7280,0.7282,0.7273,0.7282,148
2020.09.08,04:30,0.7281,0.7283,0.7278,0.7280,146
2020.09.08,05:00,0.7279,0.7284,0.7278,0.7280,124
2020.09.08,05:30,0.7279,0.7281,0.7277,0.7281,129
2020.09.08,06:00,0.7280,0.7282,0.7276,0.7280,121
2020.09.08,06:30,0.7279,0.7282,0.7276,0.7280,108
2020.09.08,07:00,0.7279,0.7280,0.7276,0.7278,102
2020.09.08,07:30,0.7277,0.7280,0.7276,0.7280,104
2020.09.08,08:00,0.7279,0.7282,0.7276,0.7281,112
2020.09.08,08:30,0.7282,0.7291,0.7277,0.7291,130
2020.09.08,09:00,0.7290,0.7311,0.7290,0.7303,250
2020.09.08,09:30,0.7302,0.7303,0.7293,0.7298,173
2020.09.08,10:00,0.7299,0.7301,0.7290,0.7292,175
2020.09.08,10:30,0.7293,0.7299,0.7289,0.7296,154
2020.09.08,11:00,0.7295,0.7297,0.7285,0.7288,176
2020.09.08,11:30,0.7287,0.7290,0.7269,0.7271,162
2020.09.08,12:00,0.7272,0.7273,0.7261,0.7267,165
2020.09.08,12:30,0.7266,0.7267,0.7253,0.7256,169
2020.09.08,13:00,0.7255,0.7262,0.7252,0.7257,167
2020.09.08,13:30,0.7256,0.7266,0.7250,0.7260,192
2020.09.08,14:00,0.7259,0.7263,0.7247,0.7251,161
2020.09.08,14:30,0.7250,0.7251,0.7244,0.7248,174
2020.09.08,15:00,0.7247,0.7251,0.7237,0.7244,186
2020.09.08,15:30,0.7243,0.7249,0.7236,0.7242,245
2020.09.08,16:00,0.7241,0.7244,0.7231,0.7232,232
2020.09.08,16:30,0.7231,0.7238,0.7219,0.7234,321
2020.09.08,17:00,0.7233,0.7250,0.7224,0.7247,341
2020.09.08,17:30,0.7246,0.7249,0.7233,0.7237,349
2020.09.08,18:00,0.7238,0.7244,0.7233,0.7240,267
2020.09.08,18:30,0.7239,0.7243,0.7226,0.7231,213
2020.09.08,19:00,0.7232,0.7246,0.7231,0.7241,196
2020.09.08,19:30,0.7242,0.7244,0.7239,0.7243,176
2020.09.08,20:00,0.7244,0.7244,0.7237,0.7240,157
2020.09.08,20:30,0.7241,0.7244,0.7236,0.7240,164
2020.09.08,21:00,0.7241,0.7242,0.7229,0.7231,161
2020.09.08,21:30,0.7230,0.7231,0.7215,0.7219,169
2020.09.08,22:00,0.7218,0.7218,0.7212,0.7218,191
2020.09.08,22:30,0.7217,0.7223,0.7215,0.7217,193
2020.09.08,23:00,0.7216,0.7222,0.7216,0.7221,102
2020.09.08,23:30,0.7222,0.7222,0.7213,0.7216,124
2020.09.09,00:00,0.7215,0.7220,0.7210,0.7211,104
2020.09.09,00:30,0.7212,0.7213,0.7200,0.7204,106
2020.09.09,01:00,0.7203,0.7207,0.7194,0.7206,167
2020.09.09,01:30,0.7207,0.7210,0.7205,0.7207,135
2020.09.09,02:00,0.7206,0.7211,0.7203,0.7209,150
2020.09.09,02:30,0.7210,0.7214,0.7206,0.7212,139
2020.09.09,03:00,0.7213,0.7220,0.7208,0.7218,170
2020.09.09,03:30,0.7217,0.7223,0.7216,0.7218,160
2020.09.09,04:00,0.7219,0.7219,0.7209,0.7217,151
2020.09.09,04:30,0.7218,0.7224,0.7215,0.7222,189
2020.09.09,05:00,0.7221,0.7225,0.7216,0.7222,148
2020.09.09,05:30,0.7221,0.7223,0.7218,0.7222,136
2020.09.09,06:00,0.7221,0.7228,0.7220,0.7223,151
2020.09.09,06:30,0.7222,0.7223,0.7217,0.7222,97
2020.09.09,07:00,0.7221,0.7230,0.7218,0.7229,141
2020.09.09,07:30,0.7228,0.7230,0.7224,0.7227,140
2020.09.09,08:00,0.7228,0.7233,0.7226,0.7229,160
2020.09.09,08:30,0.7228,0.7230,0.7224,0.7227,158
2020.09.09,09:00,0.7228,0.7229,0.7213,0.7218,151
2020.09.09,09:30,0.7217,0.7218,0.7208,0.7215,159
2020.09.09,10:00,0.7214,0.7230,0.7213,0.7227,188
2020.09.09,10:30,0.7228,0.7235,0.7226,0.7233,194
2020.09.09,11:00,0.7232,0.7245,0.7230,0.7237,198
2020.09.09,11:30,0.7236,0.7236,0.7227,0.7231,154
2020.09.09,12:00,0.7232,0.7236,0.7226,0.7234,151
2020.09.09,12:30,0.7233,0.7241,0.7232,0.7239,151
2020.09.09,13:00,0.7238,0.7244,0.7237,0.7241,132
2020.09.09,13:30,0.7242,0.7242,0.7233,0.7236,145
2020.09.09,14:00,0.7235,0.7240,0.7232,0.7237,151
2020.09.09,14:30,0.7236,0.7240,0.7230,0.7237,162
2020.09.09,15:00,0.7238,0.7250,0.7235,0.7249,195
2020.09.09,15:30,0.7248,0.7268,0.7245,0.7259,248
2020.09.09,16:00,0.7258,0.7279,0.7255,0.7272,239
2020.09.09,16:30,0.7271,0.7278,0.7263,0.7274,273
2020.09.09,17:00,0.7275,0.7280,0.7269,0.7277,318
2020.09.09,17:30,0.7278,0.7285,0.7272,0.7273,241
2020.09.09,18:00,0.7274,0.7281,0.7273,0.7281,168
2020.09.09,18:30,0.7280,0.7280,0.7273,0.7276,158
2020.09.09,19:00,0.7277,0.7283,0.7274,0.7280,162
2020.09.09,19:30,0.7279,0.7281,0.7276,0.7278,140
2020.09.09,20:00,0.7279,0.7290,0.7275,0.7277,163
2020.09.09,20:30,0.7276,0.7277,0.7271,0.7275,160
2020.09.09,21:00,0.7276,0.7277,0.7272,0.7276,155
2020.09.09,21:30,0.7277,0.7278,0.7273,0.7273,149
2020.09.09,22:00,0.7274,0.7283,0.7274,0.7283,131
2020.09.09,22:30,0.7282,0.7287,0.7280,0.7284,161
2020.09.09,23:00,0.7283,0.7287,0.7281,0.7287,87
2020.09.09,23:30,0.7286,0.7287,0.7283,0.7285,92
2020.09.10,00:00,0.7284,0.7284,0.7276,0.7282,124
2020.09.10,00:30,0.7282,0.7285,0.7281,0.7285,44
2020.09.10,01:00,0.7283,0.7286,0.7282,0.7284,96
2020.09.10,01:30,0.7285,0.7289,0.7283,0.7283,103
2020.09.10,02:00,0.7284,0.7286,0.7279,0.7282,121
2020.09.10,02:30,0.7281,0.7283,0.7277,0.7278,96
2020.09.10,03:00,0.7277,0.7283,0.7273,0.7275,136
2020.09.10,03:30,0.7274,0.7277,0.7267,0.7270,137
2020.09.10,04:00,0.7271,0.7271,0.7264,0.7269,159
2020.09.10,04:30,0.7270,0.7273,0.7264,0.7273,160
2020.09.10,05:00,0.7274,0.7274,0.7266,0.7271,124
2020.09.10,05:30,0.7270,0.7274,0.7268,0.7272,145
2020.09.10,06:00,0.7271,0.7275,0.7269,0.7273,125
2020.09.10,06:30,0.7272,0.7274,0.7270,0.7273,108
2020.09.10,07:00,0.7272,0.7274,0.7269,0.7272,135
2020.09.10,07:30,0.7271,0.7272,0.7267,0.7271,111
2020.09.10,08:00,0.7272,0.7281,0.7271,0.7279,132
2020.09.10,08:30,0.7280,0.7283,0.7277,0.7282,119
2020.09.10,09:00,0.7281,0.7287,0.7278,0.7283,145
2020.09.10,09:30,0.7282,0.7286,0.7279,0.7282,153
2020.09.10,10:00,0.7283,0.7283,0.7272,0.7275,157
2020.09.10,10:30,0.7274,0.7279,0.7268,0.7272,171
2020.09.10,11:00,0.7271,0.7275,0.7267,0.7272,154
2020.09.10,11:30,0.7271,0.7277,0.7271,0.7273,151
2020.09.10,12:00,0.7272,0.7281,0.7270,0.7272,149
2020.09.10,12:30,0.7271,0.7276,0.7271,0.7274,138
2020.09.10,13:00,0.7273,0.7280,0.7270,0.7270,140
2020.09.10,13:30,0.7271,0.7276,0.7268,0.7274,140
2020.09.10,14:00,0.7273,0.7277,0.7268,0.7272,132
2020.09.10,14:30,0.7271,0.7277,0.7267,0.7276,152
2020.09.10,15:00,0.7277,0.7285,0.7275,0.7279,199
2020.09.10,15:30,0.7278,0.7302,0.7275,0.7295,469
2020.09.10,16:00,0.7296,0.7319,0.7295,0.7314,189
2020.09.10,16:30,0.7315,0.7327,0.7305,0.7318,226
2020.09.10,17:00,0.7317,0.7322,0.7301,0.7303,179
2020.09.10,17:30,0.7304,0.7310,0.7289,0.7293,225
2020.09.10,18:00,0.7292,0.7299,0.7286,0.7290,219
2020.09.10,18:30,0.7289,0.7295,0.7283,0.7289,213
2020.09.10,19:00,0.7288,0.7293,0.7281,0.7285,196
2020.09.10,19:30,0.7286,0.7287,0.7274,0.7281,192
2020.09.10,20:00,0.7280,0.7290,0.7280,0.7286,163
2020.09.10,20:30,0.7287,0.7290,0.7279,0.7282,165
2020.09.10,21:00,0.7281,0.7284,0.7258,0.7258,192
2020.09.10,21:30,0.7259,0.7273,0.7259,0.7270,210
2020.09.10,22:00,0.7269,0.7271,0.7251,0.7257,211
2020.09.10,22:30,0.7256,0.7260,0.7253,0.7255,257
2020.09.10,23:00,0.7256,0.7260,0.7253,0.7259,128
2020.09.10,23:30,0.7258,0.7261,0.7258,0.7260,100
2020.09.11,00:00,0.7259,0.7262,0.7257,0.7259,58
2020.09.11,00:30,0.7260,0.7262,0.7255,0.7259,102
2020.09.11,01:00,0.7258,0.7265,0.7257,0.7265,176
2020.09.11,01:30,0.7264,0.7270,0.7264,0.7269,341
2020.09.11,02:00,0.7268,0.7269,0.7264,0.7265,122
2020.09.11,02:30,0.7264,0.7268,0.7262,0.7264,135
2020.09.11,03:00,0.7263,0.7275,0.7262,0.7271,145
2020.09.11,03:30,0.7270,0.7275,0.7266,0.7272,145
2020.09.11,04:00,0.7273,0.7275,0.7271,0.7273,145
2020.09.11,04:30,0.7274,0.7275,0.7266,0.7270,143
2020.09.11,05:00,0.7269,0.7276,0.7269,0.7275,136
2020.09.11,05:30,0.7274,0.7276,0.7269,0.7273,132
2020.09.11,06:00,0.7272,0.7276,0.7271,0.7276,135
2020.09.11,06:30,0.7275,0.7280,0.7274,0.7277,119
2020.09.11,07:00,0.7278,0.7280,0.7275,0.7279,116
2020.09.11,07:30,0.7278,0.7281,0.7275,0.7279,100
2020.09.11,08:00,0.7278,0.7281,0.7276,0.7279,106
2020.09.11,08:30,0.7278,0.7286,0.7276,0.7282,129
2020.09.11,09:00,0.7283,0.7284,0.7277,0.7282,152
2020.09.11,09:30,0.7281,0.7288,0.7280,0.7287,127
2020.09.11,10:00,0.7286,0.7299,0.7284,0.7295,184
2020.09.11,10:30,0.7294,0.7296,0.7287,0.7291,142
2020.09.11,11:00,0.7290,0.7296,0.7289,0.7292,153
2020.09.11,11:30,0.7291,0.7302,0.7290,0.7297,165
2020.09.11,12:00,0.7296,0.7303,0.7293,0.7298,166
2020.09.11,12:30,0.7297,0.7302,0.7295,0.7300,148
2020.09.11,13:00,0.7299,0.7301,0.7295,0.7301,139
2020.09.11,13:30,0.7300,0.7308,0.7298,0.7306,153
2020.09.11,14:00,0.7305,0.7308,0.7299,0.7300,150
2020.09.11,14:30,0.7301,0.7302,0.7297,0.7299,135
2020.09.11,15:00,0.7298,0.7302,0.7297,0.7298,145
2020.09.11,15:30,0.7299,0.7299,0.7287,0.7290,187
2020.09.11,16:00,0.7291,0.7299,0.7288,0.7293,163
2020.09.11,16:30,0.7294,0.7300,0.7287,0.7291,198
2020.09.11,17:00,0.7292,0.7298,0.7290,0.7296,195
2020.09.11,17:30,0.7295,0.7296,0.7277,0.7278,186
2020.09.11,18:00,0.7279,0.7287,0.7277,0.7281,173
2020.09.11,18:30,0.7280,0.7280,0.7273,0.7279,180
2020.09.11,19:00,0.7278,0.7286,0.7278,0.7283,154
2020.09.11,19:30,0.7282,0.7283,0.7276,0.7277,164
2020.09.11,20:00,0.7278,0.7278,0.7263,0.7263,176
2020.09.11,20:30,0.7264,0.7269,0.7260,0.7267,184
2020.09.11,21:00,0.7266,0.7275,0.7264,0.7272,153
2020.09.11,21:30,0.7271,0.7280,0.7270,0.7277,163
2020.09.11,22:00,0.7276,0.7282,0.7270,0.7281,168
2020.09.11,22:30,0.7282,0.7286,0.7280,0.7282,169
2020.09.11,23:00,0.7283,0.7283,0.7278,0.7281,87
2020.09.11,23:30,0.7280,0.7286,0.7278,0.7285,63
2020.09.14,00:00,0.7282,0.7283,0.7278,0.7280,47
2020.09.14,00:30,0.7281,0.7284,0.7279,0.7284,68
2020.09.14,01:00,0.7283,0.7289,0.7282,0.7288,144
2020.09.14,01:30,0.7287,0.7292,0.7286,0.7288,103
2020.09.14,02:00,0.7287,0.7288,0.7279,0.7279,117
2020.09.14,02:30,0.7280,0.7286,0.7278,0.7285,128
2020.09.14,03:00,0.7284,0.7287,0.7272,0.7274,131
2020.09.14,03:30,0.7273,0.7280,0.7270,0.7273,131
2020.09.14,04:00,0.7272,0.7282,0.7271,0.7278,141
2020.09.14,04:30,0.7279,0.7282,0.7275,0.7281,150
2020.09.14,05:00,0.7280,0.7288,0.7279,0.7284,133
2020.09.14,05:30,0.7285,0.7287,0.7282,0.7285,124
2020.09.14,06:00,0.7286,0.7287,0.7282,0.7285,120
2020.09.14,06:30,0.7286,0.7286,0.7282,0.7282,95
2020.09.14,07:00,0.7283,0.7283,0.7278,0.7280,112
2020.09.14,07:30,0.7281,0.7287,0.7280,0.7286,129
2020.09.14,08:00,0.7285,0.7289,0.7283,0.7286,106
2020.09.14,08:30,0.7285,0.7291,0.7284,0.7289,129
2020.09.14,09:00,0.7288,0.7289,0.7281,0.7283,141
2020.09.14,09:30,0.7284,0.7286,0.7279,0.7283,128
2020.09.14,10:00,0.7284,0.7290,0.7283,0.7285,160
2020.09.14,10:30,0.7286,0.7287,0.7279,0.7284,145
2020.09.14,11:00,0.7285,0.7288,0.7279,0.7281,145
2020.09.14,11:30,0.7280,0.7282,0.7273,0.7275,136
2020.09.14,12:00,0.7274,0.7281,0.7273,0.7277,135
2020.09.14,12:30,0.7278,0.7279,0.7266,0.7269,146
2020.09.14,13:00,0.7270,0.7274,0.7267,0.7272,143
2020.09.14,13:30,0.7273,0.7281,0.7272,0.7278,144
2020.09.14,14:00,0.7279,0.7279,0.7273,0.7277,133
2020.09.14,14:30,0.7276,0.7276,0.7271,0.7273,132
2020.09.14,15:00,0.7272,0.7278,0.7270,0.7275,152
2020.09.14,15:30,0.7274,0.7279,0.7271,0.7278,145
2020.09.14,16:00,0.7279,0.7288,0.7278,0.7286,162
2020.09.14,16:30,0.7287,0.7298,0.7282,0.7293,173
2020.09.14,17:00,0.7294,0.7304,0.7292,0.7298,181
2020.09.14,17:30,0.7297,0.7299,0.7286,0.7296,175
2020.09.14,18:00,0.7295,0.7303,0.7295,0.7301,153
2020.09.14,18:30,0.7302,0.7306,0.7299,0.7301,156
2020.09.14,19:00,0.7300,0.7303,0.7298,0.7299,134
2020.09.14,19:30,0.7300,0.7302,0.7292,0.7296,137
2020.09.14,20:00,0.7295,0.7297,0.7285,0.7289,135
2020.09.14,20:30,0.7290,0.7292,0.7287,0.7291,130
2020.09.14,21:00,0.7290,0.7293,0.7288,0.7292,137
2020.09.14,21:30,0.7291,0.7296,0.7291,0.7294,134
2020.09.14,22:00,0.7293,0.7298,0.7292,0.7296,164
2020.09.14,22:30,0.7295,0.7299,0.7293,0.7293,163
2020.09.14,23:00,0.7294,0.7295,0.7290,0.7292,99
2020.09.14,23:30,0.7291,0.7292,0.7287,0.7290,96
2020.09.15,00:00,0.7291,0.7294,0.7285,0.7292,128
2020.09.15,00:30,0.7292,0.7294,0.7289,0.7293,167
2020.09.15,01:00,0.7294,0.7296,0.7290,0.7293,96
2020.09.15,01:30,0.7294,0.7295,0.7290,0.7292,109
2020.09.15,02:00,0.7293,0.7293,0.7285,0.7285,102
2020.09.15,02:30,0.7286,0.7289,0.7285,0.7286,75
2020.09.15,03:00,0.7287,0.7290,0.7274,0.7278,142
2020.09.15,03:30,0.7277,0.7282,0.7272,0.7275,135
2020.09.15,04:00,0.7274,0.7285,0.7269,0.7276,179
2020.09.15,04:30,0.7277,0.7309,0.7276,0.7307,265
2020.09.15,05:00,0.7306,0.7315,0.7306,0.7311,186
2020.09.15,05:30,0.7312,0.7312,0.7305,0.7310,133
2020.09.15,06:00,0.7311,0.7319,0.7311,0.7319,135
2020.09.15,06:30,0.7318,0.7321,0.7316,0.7319,114
2020.09.15,07:00,0.7320,0.7326,0.7317,0.7324,107
2020.09.15,07:30,0.7323,0.7328,0.7321,0.7324,126
2020.09.15,08:00,0.7325,0.7337,0.7325,0.7337,135
2020.09.15,08:30,0.7336,0.7338,0.7328,0.7330,131
2020.09.15,09:00,0.7331,0.7334,0.7325,0.7332,124
2020.09.15,09:30,0.7331,0.7332,0.7323,0.7326,136
2020.09.15,10:00,0.7325,0.7328,0.7317,0.7326,149
2020.09.15,10:30,0.7325,0.7326,0.7312,0.7316,152
2020.09.15,11:00,0.7315,0.7321,0.7312,0.7317,149
2020.09.15,11:30,0.7318,0.7323,0.7313,0.7317,120
2020.09.15,12:00,0.7316,0.7331,0.7316,0.7331,134
2020.09.15,12:30,0.7330,0.7330,0.7322,0.7325,134
2020.09.15,13:00,0.7324,0.7333,0.7323,0.7331,126
2020.09.15,13:30,0.7330,0.7340,0.7329,0.7339,122
2020.09.15,14:00,0.7338,0.7340,0.7332,0.7332,137
2020.09.15,14:30,0.7331,0.7334,0.7328,0.7332,116
2020.09.15,15:00,0.7331,0.7335,0.7327,0.7334,154
2020.09.15,15:30,0.7333,0.7337,0.7329,0.7337,141
2020.09.15,16:00,0.7336,0.7345,0.7335,0.7339,128
2020.09.15,16:30,0.7340,0.7343,0.7321,0.7326,155
2020.09.15,17:00,0.7325,0.7325,0.7312,0.7314,174
2020.09.15,17:30,0.7315,0.7318,0.7302,0.7305,165
2020.09.15,18:00,0.7306,0.7306,0.7295,0.7298,145
2020.09.15,18:30,0.7297,0.7301,0.7295,0.7297,145
2020.09.15,19:00,0.7296,0.7302,0.7296,0.7298,115
2020.09.15,19:30,0.7299,0.7307,0.7297,0.7307,115
2020.09.15,20:00,0.7306,0.7311,0.7303,0.7307,124
2020.09.15,20:30,0.7306,0.7308,0.7302,0.7303,112
2020.09.15,21:00,0.7302,0.7303,0.7299,0.7302,139
2020.09.15,21:30,0.7303,0.7312,0.7300,0.7312,114
2020.09.15,22:00,0.7311,0.7312,0.7302,0.7308,136
2020.09.15,22:30,0.7307,0.7307,0.7301,0.7305,146
2020.09.15,23:00,0.7304,0.7306,0.7300,0.7302,83
2020.09.15,23:30,0.7301,0.7304,0.7301,0.7303,66
2020.09.16,00:00,0.7302,0.7307,0.7302,0.7303,97
2020.09.16,00:30,0.7304,0.7306,0.7301,0.7303,68
2020.09.16,01:00,0.7304,0.7308,0.7303,0.7306,71
2020.09.16,01:30,0.7307,0.7308,0.7304,0.7305,83
2020.09.16,02:00,0.7304,0.7306,0.7301,0.7303,124
2020.09.16,02:30,0.7302,0.7303,0.7295,0.7298,117
2020.09.16,03:00,0.7297,0.7302,0.7291,0.7297,137
2020.09.16,03:30,0.7298,0.7302,0.7296,0.7300,131
2020.09.16,04:00,0.7299,0.7307,0.7290,0.7307,141
2020.09.16,04:30,0.7306,0.7313,0.7303,0.7313,136
2020.09.16,05:00,0.7314,0.7318,0.7311,0.7318,119
2020.09.16,05:30,0.7317,0.7321,0.7314,0.7320,120
2020.09.16,06:00,0.7319,0.7324,0.7317,0.7319,117
2020.09.16,06:30,0.7320,0.7322,0.7316,0.7319,96
2020.09.16,07:00,0.7320,0.7323,0.7319,0.7322,87
2020.09.16,07:30,0.7321,0.7322,0.7316,0.7320,94
2020.09.16,08:00,0.7319,0.7324,0.7317,0.7322,108
2020.09.16,08:30,0.7323,0.7324,0.7310,0.7314,120
2020.09.16,09:00,0.7313,0.7315,0.7309,0.7315,129
2020.09.16,09:30,0.7314,0.7321,0.7313,0.7317,140
2020.09.16,10:00,0.7316,0.7319,0.7314,0.7316,141
2020.09.16,10:30,0.7317,0.7327,0.7316,0.7326,123
2020.09.16,11:00,0.7327,0.7335,0.7325,0.7332,144
2020.09.16,11:30,0.7331,0.7332,0.7326,0.7329,131
2020.09.16,12:00,0.7328,0.7334,0.7326,0.7334,135
2020.09.16,12:30,0.7333,0.7339,0.7331,0.7338,134
2020.09.16,13:00,0.7337,0.7340,0.7334,0.7338,124
2020.09.16,13:30,0.7339,0.7344,0.7334,0.7341,143
2020.09.16,14:00,0.7342,0.7342,0.7337,0.7337,114
2020.09.16,14:30,0.7336,0.7341,0.7333,0.7339,130
2020.09.16,15:00,0.7340,0.7346,0.7339,0.7341,146
2020.09.16,15:30,0.7342,0.7343,0.7326,0.7330,183
2020.09.16,16:00,0.7329,0.7332,0.7327,0.7329,161
2020.09.16,16:30,0.7328,0.7331,0.7323,0.7331,168
2020.09.16,17:00,0.7330,0.7334,0.7317,0.7320,177
2020.09.16,17:30,0.7321,0.7336,0.7320,0.7334,176
2020.09.16,18:00,0.7333,0.7345,0.7332,0.7343,179
2020.09.16,18:30,0.7342,0.7347,0.7335,0.7337,154
2020.09.16,19:00,0.7336,0.7339,0.7331,0.7335,116
2020.09.16,19:30,0.7334,0.7336,0.7324,0.7328,132
2020.09.16,20:00,0.7329,0.7333,0.7311,0.7311,171
2020.09.16,20:30,0.7310,0.7314,0.7296,0.7311,243
2020.09.16,21:00,0.7310,0.7333,0.7297,0.7318,620
2020.09.16,21:30,0.7319,0.7335,0.7289,0.7299,643
2020.09.16,22:00,0.7298,0.7317,0.7288,0.7288,475
2020.09.16,22:30,0.7289,0.7300,0.7281,0.7291,291
2020.09.16,23:00,0.7292,0.7301,0.7289,0.7299,124
2020.09.16,23:30,0.7298,0.7310,0.7297,0.7307,115
2020.09.17,00:00,0.7308,0.7309,0.7304,0.7307,83
2020.09.17,00:30,0.7306,0.7308,0.7302,0.7305,82
2020.09.17,01:00,0.7306,0.7311,0.7304,0.7310,107
2020.09.17,01:30,0.7311,0.7311,0.7304,0.7308,78
2020.09.17,02:00,0.7307,0.7308,0.7302,0.7304,122
2020.09.17,02:30,0.7303,0.7304,0.7296,0.7299,127
2020.09.17,03:00,0.7298,0.7299,0.7281,0.7285,168
2020.09.17,03:30,0.7284,0.7286,0.7271,0.7277,168
2020.09.17,04:00,0.7278,0.7287,0.7277,0.7284,153
2020.09.17,04:30,0.7287,0.7314,0.7267,0.7271,414
2020.09.17,05:00,0.7270,0.7283,0.7270,0.7279,220
2020.09.17,05:30,0.7278,0.7283,0.7276,0.7280,147
2020.09.17,06:00,0.7279,0.7279,0.7264,0.7268,184
2020.09.17,06:30,0.7267,0.7272,0.7264,0.7266,142
2020.09.17,07:00,0.7265,0.7267,0.7258,0.7265,133
2020.09.17,07:30,0.7264,0.7270,0.7263,0.7268,135
2020.09.17,08:00,0.7267,0.7277,0.7264,0.7276,140
2020.09.17,08:30,0.7275,0.7281,0.7272,0.7281,158
2020.09.17,09:00,0.7280,0.7280,0.7257,0.7260,196
2020.09.17,09:30,0.7259,0.7271,0.7258,0.7270,165
2020.09.17,10:00,0.7271,0.7289,0.7269,0.7288,190
2020.09.17,10:30,0.7289,0.7294,0.7286,0.7291,175
2020.09.17,11:00,0.7290,0.7302,0.7287,0.7301,154
2020.09.17,11:30,0.7302,0.7303,0.7294,0.7300,149
2020.09.17,12:00,0.7301,0.7307,0.7291,0.7291,177
2020.09.17,12:30,0.7292,0.7304,0.7292,0.7302,145
2020.09.17,13:00,0.7301,0.7305,0.7293,0.7297,163
2020.09.17,13:30,0.7296,0.7299,0.7292,0.7293,152
2020.09.17,14:00,0.7292,0.7303,0.7288,0.7300,179
2020.09.17,14:30,0.7299,0.7314,0.7298,0.7313,167
2020.09.17,15:00,0.7312,0.7312,0.7300,0.7304,163
2020.09.17,15:30,0.7303,0.7305,0.7293,0.7297,181
2020.09.17,16:00,0.7296,0.7297,0.7283,0.7291,185
2020.09.17,16:30,0.7290,0.7300,0.7281,0.7297,205
2020.09.17,17:00,0.7296,0.7301,0.7290,0.7291,208
2020.09.17,17:30,0.7292,0.7300,0.7286,0.7289,240
2020.09.17,18:00,0.7290,0.7304,0.7289,0.7302,159
2020.09.17,18:30,0.7301,0.7303,0.7287,0.7291,185
2020.09.17,19:00,0.7290,0.7294,0.7282,0.7287,190
2020.09.17,19:30,0.7286,0.7293,0.7285,0.7291,188
2020.09.17,20:00,0.7290,0.7294,0.7289,0.7293,160
2020.09.17,20:30,0.7292,0.7301,0.7291,0.7300,149
2020.09.17,21:00,0.7301,0.7313,0.7299,0.7309,153
2020.09.17,21:30,0.7308,0.7310,0.7305,0.7306,153
2020.09.17,22:00,0.7307,0.7311,0.7300,0.7310,164
2020.09.17,22:30,0.7309,0.7317,0.7309,0.7317,151
2020.09.17,23:00,0.7316,0.7318,0.7312,0.7314,119
2020.09.17,23:30,0.7315,0.7318,0.7310,0.7314,117
2020.09.18,00:00,0.7311,0.7316,0.7308,0.7315,60
2020.09.18,00:30,0.7314,0.7318,0.7309,0.7312,108
2020.09.18,01:00,0.7310,0.7319,0.7309,0.7318,120
2020.09.18,01:30,0.7317,0.7320,0.7317,0.7319,99
2020.09.18,02:00,0.7320,0.7322,0.7318,0.7321,104
2020.09.18,02:30,0.7320,0.7321,0.7315,0.7316,121
2020.09.18,03:00,0.7317,0.7337,0.7316,0.7321,183
2020.09.18,03:30,0.7320,0.7324,0.7314,0.7319,160
2020.09.18,04:00,0.7318,0.7329,0.7314,0.7316,165
2020.09.18,04:30,0.7315,0.7323,0.7309,0.7321,151
2020.09.18,05:00,0.7322,0.7324,0.7314,0.7316,145
2020.09.18,05:30,0.7315,0.7321,0.7313,0.7319,129
2020.09.18,06:00,0.7320,0.7326,0.7319,0.7325,128
2020.09.18,06:30,0.7324,0.7328,0.7323,0.7325,106
2020.09.18,07:00,0.7326,0.7326,0.7318,0.7323,136
2020.09.18,07:30,0.7324,0.7326,0.7316,0.7319,132
2020.09.18,08:00,0.7318,0.7320,0.7311,0.7319,128
2020.09.18,08:30,0.7318,0.7322,0.7313,0.7322,149
2020.09.18,09:00,0.7323,0.7323,0.7322,0.7322,4
