2019.12.20,23:00,0.6904,0.6904,0.6899,0.6901,164
2019.12.23,00:00,0.6899,0.6902,0.6895,0.6897,164
2019.12.23,01:00,0.6898,0.6908,0.6896,0.6908,225
2019.12.23,02:00,0.6909,0.6909,0.6899,0.6903,242
2019.12.23,03:00,0.6902,0.6914,0.6901,0.6910,275
2019.12.23,04:00,0.6911,0.6914,0.6908,0.6914,228
2019.12.23,05:00,0.6913,0.6914,0.6904,0.6909,225
2019.12.23,06:00,0.6908,0.6915,0.6905,0.6907,214
2019.12.23,07:00,0.6908,0.6911,0.6905,0.6908,209
2019.12.23,08:00,0.6907,0.6910,0.6905,0.6908,220
2019.12.23,09:00,0.6907,0.6917,0.6907,0.6915,235
2019.12.23,10:00,0.6914,0.6921,0.6911,0.6919,248
2019.12.23,11:00,0.6918,0.6921,0.6915,0.6919,234
2019.12.23,12:00,0.6920,0.6926,0.6918,0.6924,233
2019.12.23,13:00,0.6923,0.6931,0.6922,0.6930,236
2019.12.23,14:00,0.6929,0.6931,0.6915,0.6915,245
2019.12.23,15:00,0.6916,0.6923,0.6915,0.6920,293
2019.12.23,16:00,0.6919,0.6921,0.6909,0.6912,282
2019.12.23,17:00,0.6911,0.6923,0.6911,0.6920,280
2019.12.23,18:00,0.6919,0.6921,0.6914,0.6919,241
2019.12.23,19:00,0.6918,0.6922,0.6918,0.6922,247
2019.12.23,20:00,0.6921,0.6924,0.6917,0.6920,196
2019.12.23,21:00,0.6919,0.6927,0.6918,0.6927,237
2019.12.23,22:00,0.6926,0.6926,0.6922,0.6924,253
2019.12.23,23:00,0.6925,0.6926,0.6922,0.6924,170
2019.12.24,00:00,0.6923,0.6928,0.6917,0.6918,184
2019.12.24,01:00,0.6919,0.6928,0.6918,0.6928,192
2019.12.24,02:00,0.6927,0.6933,0.6921,0.6922,278
2019.12.24,03:00,0.6921,0.6926,0.6914,0.6918,270
2019.12.24,04:00,0.6917,0.6924,0.6916,0.6920,228
2019.12.24,05:00,0.6919,0.6920,0.6915,0.6918,213
2019.12.24,06:00,0.6919,0.6920,0.6914,0.6916,144
2019.12.24,07:00,0.6915,0.6922,0.6915,0.6920,204
2019.12.24,08:00,0.6919,0.6923,0.6917,0.6920,208
2019.12.24,09:00,0.6919,0.6925,0.6918,0.6923,235
2019.12.24,10:00,0.6922,0.6927,0.6921,0.6925,206
2019.12.24,11:00,0.6924,0.6926,0.6917,0.6918,207
2019.12.24,12:00,0.6919,0.6921,0.6914,0.6921,189
2019.12.24,13:00,0.6922,0.6923,0.6917,0.6921,202
2019.12.24,14:00,0.6920,0.6923,0.6918,0.6921,220
2019.12.24,15:00,0.6920,0.6923,0.6918,0.6923,278
2019.12.24,16:00,0.6922,0.6925,0.6919,0.6922,249
2019.12.24,17:00,0.6921,0.6930,0.6921,0.6930,224
2019.12.24,18:00,0.6929,0.6932,0.6924,0.6925,251
2019.12.24,19:00,0.6926,0.6929,0.6921,0.6926,241
2019.12.24,20:00,0.6925,0.6928,0.6922,0.6926,166
2019.12.26,01:00,0.6925,0.6929,0.6924,0.6927,19
2019.12.26,02:00,0.6928,0.6928,0.6926,0.6926,23
2019.12.26,03:00,0.6927,0.6930,0.6926,0.6930,18
2019.12.26,04:00,0.6929,0.6930,0.6929,0.6930,14
2019.12.26,05:00,0.6929,0.6930,0.6929,0.6930,12
2019.12.26,06:00,0.6929,0.6930,0.6928,0.6930,60
2019.12.26,07:00,0.6929,0.6931,0.6928,0.6929,71
2019.12.26,08:00,0.6930,0.6932,0.6929,0.6930,71
2019.12.26,09:00,0.6931,0.6933,0.6930,0.6932,88
2019.12.26,10:00,0.6931,0.6933,0.6929,0.6931,137
2019.12.26,11:00,0.6930,0.6931,0.6927,0.6927,192
2019.12.26,12:00,0.6928,0.6929,0.6923,0.6924,119
2019.12.26,13:00,0.6925,0.6929,0.6923,0.6925,135
2019.12.26,14:00,0.6926,0.6928,0.6925,0.6928,125
2019.12.26,15:00,0.6927,0.6934,0.6925,0.6932,154
2019.12.26,16:00,0.6933,0.6938,0.6931,0.6935,143
2019.12.26,17:00,0.6936,0.6943,0.6935,0.6942,167
2019.12.26,18:00,0.6941,0.6943,0.6939,0.6941,173
2019.12.26,19:00,0.6940,0.6943,0.6939,0.6941,124
2019.12.26,20:00,0.6942,0.6949,0.6940,0.6948,109
2019.12.26,21:00,0.6947,0.6949,0.6943,0.6948,198
2019.12.26,22:00,0.6947,0.6952,0.6945,0.6951,167
2019.12.26,23:00,0.6950,0.6952,0.6946,0.6947,191
2019.12.27,00:00,0.6948,0.6948,0.6943,0.6944,144
2019.12.27,01:00,0.6945,0.6949,0.6944,0.6949,273
2019.12.27,02:00,0.6950,0.6952,0.6946,0.6947,254
2019.12.27,03:00,0.6948,0.6953,0.6945,0.6951,278
2019.12.27,04:00,0.6950,0.6955,0.6948,0.6952,275
2019.12.27,05:00,0.6951,0.6957,0.6950,0.6957,239
2019.12.27,06:00,0.6956,0.6958,0.6954,0.6954,201
2019.12.27,07:00,0.6955,0.6957,0.6953,0.6954,202
2019.12.27,08:00,0.6955,0.6955,0.6950,0.6954,224
2019.12.27,09:00,0.6953,0.6955,0.6948,0.6954,244
2019.12.27,10:00,0.6953,0.6961,0.6953,0.6960,250
2019.12.27,11:00,0.6959,0.6962,0.6958,0.6961,209
2019.12.27,12:00,0.6960,0.6970,0.6960,0.6970,265
2019.12.27,13:00,0.6969,0.6979,0.6967,0.6970,248
2019.12.27,14:00,0.6969,0.6978,0.6968,0.6976,256
2019.12.27,15:00,0.6975,0.6981,0.6972,0.6974,302
2019.12.27,16:00,0.6975,0.6982,0.6966,0.6968,282
2019.12.27,17:00,0.6969,0.6988,0.6968,0.6985,297
2019.12.27,18:00,0.6986,0.6988,0.6978,0.6980,293
2019.12.27,19:00,0.6979,0.6982,0.6975,0.6978,230
2019.12.27,20:00,0.6977,0.6980,0.6974,0.6977,195
2019.12.27,21:00,0.6978,0.6989,0.6977,0.6989,242
2019.12.27,22:00,0.6988,0.6988,0.6978,0.6982,195
2019.12.27,23:00,0.6981,0.6990,0.6978,0.6984,159
2019.12.30,00:00,0.6982,0.6991,0.6977,0.6981,181
2019.12.30,01:00,0.6982,0.6988,0.6979,0.6985,226
2019.12.30,02:00,0.6986,0.6993,0.6984,0.6988,287
2019.12.30,03:00,0.6989,0.6995,0.6985,0.6994,253
2019.12.30,04:00,0.6993,0.6999,0.6993,0.6997,248
2019.12.30,05:00,0.6998,0.7002,0.6991,0.6992,277
2019.12.30,06:00,0.6991,0.6993,0.6985,0.6992,214
2019.12.30,07:00,0.6991,0.6996,0.6990,0.6996,272
2019.12.30,08:00,0.6995,0.6997,0.6987,0.6991,259
2019.12.30,09:00,0.6990,0.6995,0.6987,0.6989,256
2019.12.30,10:00,0.6988,0.6994,0.6986,0.6989,270
2019.12.30,11:00,0.6988,0.6999,0.6986,0.6999,280
2019.12.30,12:00,0.6998,0.7000,0.6994,0.6996,251
2019.12.30,13:00,0.6997,0.7001,0.6996,0.6999,229
2019.12.30,14:00,0.6998,0.7000,0.6995,0.6996,227
2019.12.30,15:00,0.6995,0.7002,0.6992,0.7001,245
2019.12.30,16:00,0.7000,0.7004,0.6997,0.6999,306
2019.12.30,17:00,0.6998,0.7004,0.6992,0.6998,335
2019.12.30,18:00,0.6999,0.7007,0.6997,0.7006,274
2019.12.30,19:00,0.7005,0.7006,0.7001,0.7003,263
2019.12.30,20:00,0.7002,0.7004,0.7001,0.7003,254
2019.12.30,21:00,0.7002,0.7005,0.7000,0.7000,245
2019.12.30,22:00,0.7001,0.7002,0.6994,0.6997,243
2019.12.30,23:00,0.6996,0.6999,0.6994,0.6996,142
2019.12.31,00:00,0.6995,0.7005,0.6994,0.6999,178
2019.12.31,01:00,0.7000,0.7005,0.6998,0.7004,213
2019.12.31,02:00,0.7005,0.7007,0.7001,0.7005,251
2019.12.31,03:00,0.7006,0.7009,0.7004,0.7008,279
2019.12.31,04:00,0.7007,0.7010,0.7005,0.7006,234
2019.12.31,05:00,0.7005,0.7008,0.7001,0.7005,207
2019.12.31,06:00,0.7004,0.7009,0.7003,0.7008,203
2019.12.31,07:00,0.7007,0.7010,0.7005,0.7010,154
2019.12.31,08:00,0.7009,0.7011,0.7008,0.7011,209
2019.12.31,09:00,0.7010,0.7015,0.7008,0.7011,234
2019.12.31,10:00,0.7012,0.7012,0.7006,0.7009,218
2019.12.31,11:00,0.7008,0.7015,0.7006,0.7013,218
2019.12.31,12:00,0.7014,0.7015,0.7010,0.7012,215
2019.12.31,13:00,0.7011,0.7017,0.7010,0.7016,234
2019.12.31,14:00,0.7015,0.7020,0.7013,0.7020,174
2019.12.31,15:00,0.7019,0.7028,0.7018,0.7027,301
2019.12.31,16:00,0.7026,0.7028,0.7020,0.7023,314
2019.12.31,17:00,0.7024,0.7033,0.7022,0.7030,381
2019.12.31,18:00,0.7029,0.7035,0.7025,0.7032,318
2019.12.31,19:00,0.7031,0.7034,0.7026,0.7027,263
2020.01.02,06:00,0.7017,0.7017,0.7003,0.7005,193
2020.01.02,07:00,0.7004,0.7007,0.6997,0.7004,251
2020.01.02,08:00,0.7003,0.7005,0.6997,0.7003,261
2020.01.02,09:00,0.7004,0.7006,0.6999,0.7003,250
2020.01.02,10:00,0.7004,0.7009,0.7001,0.7008,251
2020.01.02,11:00,0.7007,0.7008,0.6998,0.7000,238
2020.01.02,12:00,0.7001,0.7002,0.6993,0.6999,223
2020.01.02,13:00,0.6998,0.7000,0.6985,0.6987,228
2020.01.02,14:00,0.6986,0.6995,0.6985,0.6995,228
2020.01.02,15:00,0.6994,0.7002,0.6992,0.6999,282
2020.01.02,16:00,0.7000,0.7001,0.6990,0.6994,285
2020.01.02,17:00,0.6995,0.7006,0.6988,0.7005,307
2020.01.02,18:00,0.7004,0.7005,0.6982,0.6984,246
2020.01.02,19:00,0.6983,0.6987,0.6980,0.6986,274
2020.01.02,20:00,0.6987,0.6987,0.6982,0.6985,199
2020.01.02,21:00,0.6984,0.6986,0.6981,0.6984,177
2020.01.02,22:00,0.6983,0.6990,0.6983,0.6989,195
2020.01.02,23:00,0.6988,0.6994,0.6987,0.6994,160
2020.01.03,00:00,0.6995,0.6996,0.6984,0.6986,175
2020.01.03,01:00,0.6985,0.6989,0.6982,0.6986,210
2020.01.03,02:00,0.6985,0.6988,0.6980,0.6986,256
2020.01.03,03:00,0.6985,0.6989,0.6976,0.6976,290
2020.01.03,04:00,0.6975,0.6980,0.6968,0.6971,350
2020.01.03,05:00,0.6970,0.6973,0.6964,0.6971,310
2020.01.03,06:00,0.6970,0.6974,0.6966,0.6966,205
2020.01.03,07:00,0.6967,0.6969,0.6960,0.6963,279
2020.01.03,08:00,0.6962,0.6965,0.6960,0.6963,254
2020.01.03,09:00,0.6964,0.6966,0.6955,0.6957,258
2020.01.03,10:00,0.6956,0.6962,0.6952,0.6953,268
2020.01.03,11:00,0.6952,0.6954,0.6937,0.6940,263
2020.01.03,12:00,0.6939,0.6943,0.6937,0.6939,275
2020.01.03,13:00,0.6938,0.6940,0.6932,0.6935,236
2020.01.03,14:00,0.6934,0.6951,0.6932,0.6950,271
2020.01.03,15:00,0.6949,0.6958,0.6947,0.6948,296
2020.01.03,16:00,0.6947,0.6957,0.6946,0.6950,304
2020.01.03,17:00,0.6951,0.6965,0.6951,0.6958,379
2020.01.03,18:00,0.6959,0.6968,0.6956,0.6963,269
2020.01.03,19:00,0.6964,0.6967,0.6963,0.6966,261
2020.01.03,20:00,0.6965,0.6966,0.6956,0.6960,216
2020.01.03,21:00,0.6961,0.6961,0.6954,0.6961,235
2020.01.03,22:00,0.6960,0.6960,0.6953,0.6956,253
2020.01.03,23:00,0.6957,0.6957,0.6946,0.6951,133
2020.01.06,00:00,0.6949,0.6949,0.6937,0.6940,187
2020.01.06,01:00,0.6939,0.6947,0.6935,0.6946,294
2020.01.06,02:00,0.6947,0.6959,0.6947,0.6955,299
2020.01.06,03:00,0.6956,0.6957,0.6939,0.6943,302
2020.01.06,04:00,0.6942,0.6951,0.6942,0.6949,232
2020.01.06,05:00,0.6948,0.6951,0.6942,0.6945,218
2020.01.06,06:00,0.6944,0.6948,0.6942,0.6946,215
2020.01.06,07:00,0.6947,0.6948,0.6938,0.6940,210
2020.01.06,08:00,0.6939,0.6942,0.6934,0.6941,253
2020.01.06,09:00,0.6942,0.6951,0.6941,0.6948,279
2020.01.06,10:00,0.6949,0.6954,0.6941,0.6947,309
2020.01.06,11:00,0.6948,0.6958,0.6947,0.6958,275
2020.01.06,12:00,0.6957,0.6960,0.6954,0.6956,258
2020.01.06,13:00,0.6955,0.6956,0.6948,0.6950,254
2020.01.06,14:00,0.6949,0.6957,0.6948,0.6951,245
2020.01.06,15:00,0.6952,0.6953,0.6943,0.6947,262
2020.01.06,16:00,0.6946,0.6948,0.6927,0.6930,307
2020.01.06,17:00,0.6931,0.6939,0.6928,0.6936,296
2020.01.06,18:00,0.6935,0.6939,0.6930,0.6934,272
2020.01.06,19:00,0.6933,0.6938,0.6932,0.6938,208
2020.01.06,20:00,0.6937,0.6941,0.6935,0.6937,173
2020.01.06,21:00,0.6938,0.6938,0.6933,0.6936,201
2020.01.06,22:00,0.6937,0.6943,0.6935,0.6943,165
2020.01.06,23:00,0.6942,0.6944,0.6939,0.6941,145
2020.01.07,00:00,0.6940,0.6945,0.6938,0.6941,173
2020.01.07,01:00,0.6942,0.6942,0.6935,0.6939,255
2020.01.07,02:00,0.6940,0.6942,0.6929,0.6931,326
2020.01.07,03:00,0.6932,0.6939,0.6930,0.6935,274
2020.01.07,04:00,0.6934,0.6937,0.6929,0.6933,260
2020.01.07,05:00,0.6932,0.6941,0.6931,0.6938,207
2020.01.07,06:00,0.6939,0.6939,0.6929,0.6930,194
2020.01.07,07:00,0.6929,0.6934,0.6915,0.6915,239
2020.01.07,08:00,0.6916,0.6922,0.6907,0.6915,338
2020.01.07,09:00,0.6914,0.6920,0.6900,0.6902,309
2020.01.07,10:00,0.6903,0.6915,0.6902,0.6909,329
2020.01.07,11:00,0.6908,0.6911,0.6892,0.6896,277
2020.01.07,12:00,0.6895,0.6896,0.6879,0.6882,304
2020.01.07,13:00,0.6881,0.6883,0.6871,0.6879,263
2020.01.07,14:00,0.6878,0.6886,0.6878,0.6879,278
2020.01.07,15:00,0.6878,0.6882,0.6867,0.6869,292
2020.01.07,16:00,0.6868,0.6872,0.6866,0.6869,296
2020.01.07,17:00,0.6868,0.6875,0.6863,0.6871,334
2020.01.07,18:00,0.6870,0.6874,0.6861,0.6862,263
2020.01.07,19:00,0.6863,0.6871,0.6861,0.6871,259
2020.01.07,20:00,0.6870,0.6874,0.6868,0.6870,223
2020.01.07,21:00,0.6869,0.6872,0.6866,0.6871,223
2020.01.07,22:00,0.6870,0.6873,0.6869,0.6871,188
2020.01.07,23:00,0.6870,0.6871,0.6863,0.6871,207
2020.01.08,00:00,0.6870,0.6873,0.6866,0.6870,158
2020.01.08,01:00,0.6869,0.6871,0.6852,0.6862,328
2020.01.08,02:00,0.6863,0.6867,0.6851,0.6862,572
2020.01.08,03:00,0.6861,0.6875,0.6860,0.6868,400
2020.01.08,04:00,0.6867,0.6887,0.6867,0.6879,513
2020.01.08,05:00,0.6880,0.6883,0.6869,0.6874,393
2020.01.08,06:00,0.6873,0.6878,0.6870,0.6872,236
2020.01.08,07:00,0.6873,0.6875,0.6869,0.6872,216
2020.01.08,08:00,0.6871,0.6878,0.6871,0.6872,214
2020.01.08,09:00,0.6873,0.6888,0.6872,0.6884,318
2020.01.08,10:00,0.6885,0.6887,0.6875,0.6878,350
2020.01.08,11:00,0.6877,0.6880,0.6872,0.6875,271
2020.01.08,12:00,0.6874,0.6876,0.6865,0.6870,267
2020.01.08,13:00,0.6871,0.6874,0.6869,0.6874,254
2020.01.08,14:00,0.6873,0.6875,0.6860,0.6865,279
2020.01.08,15:00,0.6864,0.6872,0.6860,0.6870,281
2020.01.08,16:00,0.6869,0.6871,0.6858,0.6860,282
2020.01.08,17:00,0.6861,0.6863,0.6851,0.6858,274
2020.01.08,18:00,0.6859,0.6876,0.6850,0.6872,324
2020.01.08,19:00,0.6873,0.6882,0.6872,0.6879,279
2020.01.08,20:00,0.6878,0.6879,0.6872,0.6874,219
2020.01.08,21:00,0.6873,0.6875,0.6870,0.6875,193
2020.01.08,22:00,0.6874,0.6874,0.6868,0.6869,226
2020.01.08,23:00,0.6868,0.6875,0.6865,0.6867,188
2020.01.09,00:00,0.6866,0.6874,0.6865,0.6868,159
2020.01.09,01:00,0.6867,0.6878,0.6864,0.6876,196
2020.01.09,02:00,0.6877,0.6882,0.6873,0.6876,260
2020.01.09,03:00,0.6875,0.6883,0.6870,0.6877,285
2020.01.09,04:00,0.6876,0.6879,0.6872,0.6877,235
2020.01.09,05:00,0.6876,0.6877,0.6871,0.6873,198
2020.01.09,06:00,0.6872,0.6876,0.6868,0.6875,198
2020.01.09,07:00,0.6874,0.6878,0.6873,0.6878,201
2020.01.09,08:00,0.6877,0.6879,0.6873,0.6878,268
2020.01.09,09:00,0.6879,0.6881,0.6875,0.6878,252
2020.01.09,10:00,0.6877,0.6878,0.6864,0.6865,267
2020.01.09,11:00,0.6864,0.6867,0.6857,0.6859,262
2020.01.09,12:00,0.6860,0.6866,0.6857,0.6864,241
2020.01.09,13:00,0.6863,0.6868,0.6859,0.6859,211
2020.01.09,14:00,0.6860,0.6870,0.6858,0.6864,271
2020.01.09,15:00,0.6863,0.6870,0.6860,0.6867,255
2020.01.09,16:00,0.6866,0.6867,0.6856,0.6864,271
2020.01.09,17:00,0.6863,0.6864,0.6853,0.6856,266
2020.01.09,18:00,0.6855,0.6859,0.6852,0.6858,236
2020.01.09,19:00,0.6857,0.6859,0.6852,0.6855,193
2020.01.09,20:00,0.6854,0.6857,0.6853,0.6855,226
2020.01.09,21:00,0.6854,0.6856,0.6852,0.6854,151
2020.01.09,22:00,0.6853,0.6858,0.6852,0.6858,184
2020.01.09,23:00,0.6857,0.6860,0.6856,0.6860,120
2020.01.10,00:00,0.6859,0.6860,0.6855,0.6856,185
2020.01.10,01:00,0.6855,0.6859,0.6854,0.6856,194
2020.01.10,02:00,0.6855,0.6874,0.6852,0.6861,353
2020.01.10,03:00,0.6862,0.6867,0.6856,0.6858,293
2020.01.10,04:00,0.6857,0.6866,0.6855,0.6864,230
2020.01.10,05:00,0.6865,0.6872,0.6862,0.6872,210
2020.01.10,06:00,0.6871,0.6880,0.6871,0.6875,229
2020.01.10,07:00,0.6874,0.6882,0.6872,0.6881,220
2020.01.10,08:00,0.6882,0.6885,0.6879,0.6881,208
2020.01.10,09:00,0.6880,0.6881,0.6873,0.6880,225
2020.01.10,10:00,0.6879,0.6880,0.6872,0.6875,263
2020.01.10,11:00,0.6874,0.6880,0.6872,0.6879,262
2020.01.10,12:00,0.6878,0.6880,0.6875,0.6880,247
2020.01.10,13:00,0.6881,0.6890,0.6878,0.6886,238
2020.01.10,14:00,0.6885,0.6886,0.6878,0.6880,268
2020.01.10,15:00,0.6879,0.6895,0.6875,0.6882,393
2020.01.10,16:00,0.6881,0.6893,0.6878,0.6891,307
2020.01.10,17:00,0.6892,0.6910,0.6887,0.6908,355
2020.01.10,18:00,0.6907,0.6908,0.6897,0.6904,295
2020.01.10,19:00,0.6903,0.6913,0.6900,0.6908,272
2020.01.10,20:00,0.6907,0.6910,0.6904,0.6906,209
2020.01.10,21:00,0.6905,0.6913,0.6904,0.6912,204
2020.01.10,22:00,0.6911,0.6912,0.6906,0.6909,239
2020.01.10,23:00,0.6908,0.6909,0.6899,0.6903,158
2020.01.13,00:00,0.6901,0.6902,0.6897,0.6900,127
2020.01.13,01:00,0.6901,0.6908,0.6899,0.6902,238
2020.01.13,02:00,0.6901,0.6907,0.6899,0.6906,207
2020.01.13,03:00,0.6905,0.6916,0.6904,0.6914,246
2020.01.13,04:00,0.6913,0.6917,0.6910,0.6917,257
2020.01.13,05:00,0.6918,0.6922,0.6916,0.6918,205
2020.01.13,06:00,0.6919,0.6920,0.6914,0.6915,157
2020.01.13,07:00,0.6916,0.6921,0.6914,0.6920,191
2020.01.13,08:00,0.6919,0.6921,0.6915,0.6918,232
2020.01.13,09:00,0.6919,0.6921,0.6913,0.6917,273
2020.01.13,10:00,0.6918,0.6920,0.6908,0.6913,290
2020.01.13,11:00,0.6914,0.6917,0.6906,0.6908,281
2020.01.13,12:00,0.6907,0.6907,0.6896,0.6901,264
2020.01.13,13:00,0.6902,0.6905,0.6899,0.6903,222
2020.01.13,14:00,0.6902,0.6907,0.6899,0.6904,251
2020.01.13,15:00,0.6903,0.6911,0.6902,0.6908,278
2020.01.13,16:00,0.6909,0.6912,0.6896,0.6902,310
2020.01.13,17:00,0.6903,0.6912,0.6901,0.6907,329
2020.01.13,18:00,0.6908,0.6919,0.6906,0.6913,262
2020.01.13,19:00,0.6912,0.6915,0.6911,0.6914,233
2020.01.13,20:00,0.6915,0.6918,0.6911,0.6913,213
2020.01.13,21:00,0.6912,0.6912,0.6907,0.6909,184
2020.01.13,22:00,0.6908,0.6909,0.6905,0.6908,215
2020.01.13,23:00,0.6909,0.6909,0.6903,0.6905,150
2020.01.14,00:00,0.6904,0.6909,0.6902,0.6904,145
2020.01.14,01:00,0.6903,0.6905,0.6899,0.6900,206
2020.01.14,02:00,0.6899,0.6911,0.6898,0.6907,253
2020.01.14,03:00,0.6908,0.6908,0.6887,0.6892,305
2020.01.14,04:00,0.6893,0.6900,0.6890,0.6899,239
2020.01.14,05:00,0.6900,0.6904,0.6895,0.6902,237
2020.01.14,06:00,0.6901,0.6907,0.6899,0.6904,224
2020.01.14,07:00,0.6903,0.6904,0.6897,0.6899,227
2020.01.14,08:00,0.6898,0.6908,0.6897,0.6907,240
2020.01.14,09:00,0.6906,0.6908,0.6898,0.6907,262
2020.01.14,10:00,0.6906,0.6912,0.6892,0.6895,296
2020.01.14,11:00,0.6896,0.6903,0.6892,0.6901,282
2020.01.14,12:00,0.6902,0.6905,0.6896,0.6901,250
2020.01.14,13:00,0.6900,0.6907,0.6896,0.6907,276
2020.01.14,14:00,0.6906,0.6908,0.6896,0.6901,276
2020.01.14,15:00,0.6900,0.6904,0.6895,0.6904,337
2020.01.14,16:00,0.6903,0.6911,0.6901,0.6909,311
2020.01.14,17:00,0.6908,0.6910,0.6898,0.6903,282
2020.01.14,18:00,0.6902,0.6908,0.6901,0.6907,258
2020.01.14,19:00,0.6906,0.6907,0.6903,0.6905,210
2020.01.14,20:00,0.6906,0.6909,0.6900,0.6904,267
2020.01.14,21:00,0.6903,0.6908,0.6901,0.6906,212
2020.01.14,22:00,0.6905,0.6907,0.6904,0.6906,196
2020.01.14,23:00,0.6907,0.6908,0.6903,0.6903,144
2020.01.15,00:00,0.6902,0.6906,0.6901,0.6901,153
2020.01.15,01:00,0.6902,0.6904,0.6894,0.6897,202
2020.01.15,02:00,0.6896,0.6902,0.6894,0.6897,244
2020.01.15,03:00,0.6898,0.6903,0.6896,0.6901,250
2020.01.15,04:00,0.6900,0.6904,0.6895,0.6899,244
2020.01.15,05:00,0.6898,0.6900,0.6895,0.6899,210
2020.01.15,06:00,0.6898,0.6903,0.6896,0.6901,198
2020.01.15,07:00,0.6900,0.6901,0.6896,0.6901,194
2020.01.15,08:00,0.6900,0.6904,0.6897,0.6899,218
2020.01.15,09:00,0.6900,0.6902,0.6895,0.6897,228
2020.01.15,10:00,0.6898,0.6898,0.6884,0.6889,252
2020.01.15,11:00,0.6888,0.6895,0.6886,0.6890,219
2020.01.15,12:00,0.6889,0.6894,0.6888,0.6893,203
2020.01.15,13:00,0.6892,0.6898,0.6892,0.6896,263
2020.01.15,14:00,0.6897,0.6901,0.6891,0.6893,241
2020.01.15,15:00,0.6894,0.6894,0.6880,0.6888,309
2020.01.15,16:00,0.6887,0.6901,0.6886,0.6895,303
2020.01.15,17:00,0.6896,0.6907,0.6892,0.6907,296
2020.01.15,18:00,0.6908,0.6915,0.6904,0.6912,269
2020.01.15,19:00,0.6911,0.6919,0.6911,0.6912,234
2020.01.15,20:00,0.6911,0.6913,0.6906,0.6907,211
2020.01.15,21:00,0.6906,0.6908,0.6903,0.6906,189
2020.01.15,22:00,0.6905,0.6907,0.6900,0.6907,223
2020.01.15,23:00,0.6906,0.6909,0.6904,0.6904,153
2020.01.16,00:00,0.6903,0.6910,0.6903,0.6906,156
2020.01.16,01:00,0.6905,0.6910,0.6904,0.6908,184
2020.01.16,02:00,0.6909,0.6922,0.6908,0.6917,259
2020.01.16,03:00,0.6916,0.6919,0.6909,0.6913,276
2020.01.16,04:00,0.6912,0.6914,0.6907,0.6911,218
2020.01.16,05:00,0.6910,0.6912,0.6904,0.6908,209
2020.01.16,06:00,0.6907,0.6911,0.6905,0.6907,183
2020.01.16,07:00,0.6908,0.6910,0.6906,0.6909,158
2020.01.16,08:00,0.6908,0.6909,0.6904,0.6908,193
2020.01.16,09:00,0.6909,0.6910,0.6903,0.6908,234
2020.01.16,10:00,0.6907,0.6920,0.6906,0.6915,289
2020.01.16,11:00,0.6916,0.6923,0.6914,0.6922,280
2020.01.16,12:00,0.6921,0.6924,0.6918,0.6921,273
2020.01.16,13:00,0.6922,0.6931,0.6922,0.6929,234
2020.01.16,14:00,0.6928,0.6931,0.6926,0.6931,244
2020.01.16,15:00,0.6930,0.6936,0.6923,0.6924,333
2020.01.16,16:00,0.6923,0.6929,0.6910,0.6911,306
2020.01.16,17:00,0.6912,0.6915,0.6895,0.6900,325
2020.01.16,18:00,0.6901,0.6902,0.6893,0.6897,261
2020.01.16,19:00,0.6896,0.6899,0.6890,0.6895,226
2020.01.16,20:00,0.6894,0.6897,0.6890,0.6893,212
2020.01.16,21:00,0.6894,0.6898,0.6892,0.6896,201
2020.01.16,22:00,0.6897,0.6903,0.6895,0.6901,219
2020.01.16,23:00,0.6900,0.6904,0.6896,0.6900,163
2020.01.17,00:00,0.6899,0.6903,0.6897,0.6899,118
2020.01.17,01:00,0.6900,0.6901,0.6897,0.6901,210
2020.01.17,02:00,0.6900,0.6901,0.6892,0.6898,250
2020.01.17,03:00,0.6899,0.6899,0.6886,0.6896,234
2020.01.17,04:00,0.6897,0.6907,0.6894,0.6896,282
2020.01.17,05:00,0.6895,0.6898,0.6892,0.6896,196
2020.01.17,06:00,0.6895,0.6898,0.6894,0.6896,174
2020.01.17,07:00,0.6897,0.6901,0.6895,0.6900,180
2020.01.17,08:00,0.6899,0.6904,0.6896,0.6903,207
2020.01.17,09:00,0.6902,0.6912,0.6901,0.6910,249
2020.01.17,10:00,0.6909,0.6914,0.6906,0.6908,246
2020.01.17,11:00,0.6909,0.6912,0.6901,0.6910,288
2020.01.17,12:00,0.6909,0.6913,0.6901,0.6902,256
2020.01.17,13:00,0.6903,0.6904,0.6894,0.6902,242
2020.01.17,14:00,0.6901,0.6903,0.6890,0.6895,233
2020.01.17,15:00,0.6894,0.6897,0.6888,0.6890,311
2020.01.17,16:00,0.6891,0.6896,0.6886,0.6890,298
2020.01.17,17:00,0.6889,0.6890,0.6874,0.6882,314
2020.01.17,18:00,0.6881,0.6882,0.6875,0.6878,232
2020.01.17,19:00,0.6879,0.6882,0.6877,0.6881,202
2020.01.17,20:00,0.6880,0.6882,0.6878,0.6879,180
2020.01.17,21:00,0.6880,0.6882,0.6878,0.6879,164
2020.01.17,22:00,0.6878,0.6881,0.6877,0.6877,196
2020.01.17,23:00,0.6878,0.6879,0.6872,0.6877,156
2020.01.20,00:00,0.6875,0.6879,0.6873,0.6879,122
2020.01.20,01:00,0.6878,0.6885,0.6876,0.6884,205
2020.01.20,02:00,0.6885,0.6885,0.6878,0.6879,193
2020.01.20,03:00,0.6880,0.6885,0.6878,0.6884,267
2020.01.20,04:00,0.6883,0.6887,0.6881,0.6882,198
2020.01.20,05:00,0.6883,0.6887,0.6882,0.6885,215
2020.01.20,06:00,0.6886,0.6886,0.6883,0.6886,153
2020.01.20,07:00,0.6885,0.6889,0.6882,0.6888,202
2020.01.20,08:00,0.6887,0.6890,0.6885,0.6888,216
2020.01.20,09:00,0.6889,0.6891,0.6878,0.6879,239
2020.01.20,10:00,0.6878,0.6880,0.6873,0.6876,249
2020.01.20,11:00,0.6875,0.6877,0.6869,0.6874,236
2020.01.20,12:00,0.6873,0.6874,0.6865,0.6865,207
2020.01.20,13:00,0.6864,0.6871,0.6863,0.6868,217
2020.01.20,14:00,0.6867,0.6869,0.6862,0.6865,181
2020.01.20,15:00,0.6864,0.6866,0.6860,0.6864,239
2020.01.20,16:00,0.6863,0.6866,0.6861,0.6863,227
2020.01.20,17:00,0.6862,0.6870,0.6857,0.6869,264
2020.01.20,18:00,0.6868,0.6872,0.6867,0.6871,166
2020.01.20,19:00,0.6870,0.6875,0.6870,0.6872,105
2020.01.20,20:00,0.6873,0.6874,0.6869,0.6873,87
2020.01.20,21:00,0.6872,0.6877,0.6872,0.6875,156
2020.01.20,22:00,0.6874,0.6878,0.6873,0.6877,170
2020.01.20,23:00,0.6876,0.6880,0.6873,0.6875,200
2020.01.21,00:00,0.6874,0.6878,0.6873,0.6875,164
2020.01.21,01:00,0.6876,0.6881,0.6874,0.6878,165
2020.01.21,02:00,0.6879,0.6883,0.6874,0.6875,215
2020.01.21,03:00,0.6876,0.6876,0.6860,0.6863,338
2020.01.21,04:00,0.6864,0.6865,0.6854,0.6861,276
2020.01.21,05:00,0.6862,0.6870,0.6862,0.6868,215
2020.01.21,06:00,0.6867,0.6868,0.6860,0.6867,203
2020.01.21,07:00,0.6866,0.6867,0.6862,0.6863,154
2020.01.21,08:00,0.6864,0.6869,0.6858,0.6859,222
2020.01.21,09:00,0.6858,0.6862,0.6855,0.6860,275
2020.01.21,10:00,0.6859,0.6860,0.6846,0.6853,317
2020.01.21,11:00,0.6854,0.6858,0.6849,0.6857,252
2020.01.21,12:00,0.6856,0.6862,0.6855,0.6861,248
2020.01.21,13:00,0.6860,0.6870,0.6858,0.6867,262
2020.01.21,14:00,0.6866,0.6871,0.6865,0.6868,223
2020.01.21,15:00,0.6867,0.6878,0.6866,0.6870,314
2020.01.21,16:00,0.6869,0.6873,0.6864,0.6867,305
2020.01.21,17:00,0.6866,0.6868,0.6853,0.6862,303
2020.01.21,18:00,0.6861,0.6863,0.6851,0.6855,249
2020.01.21,19:00,0.6854,0.6855,0.6851,0.6854,197
2020.01.21,20:00,0.6853,0.6856,0.6849,0.6851,225
2020.01.21,21:00,0.6850,0.6852,0.6844,0.6848,249
2020.01.21,22:00,0.6847,0.6850,0.6845,0.6847,205
2020.01.21,23:00,0.6846,0.6849,0.6844,0.6847,148
2020.01.22,00:00,0.6846,0.6848,0.6844,0.6845,80
2020.01.22,01:00,0.6846,0.6851,0.6844,0.6850,153
2020.01.22,02:00,0.6849,0.6850,0.6837,0.6839,283
2020.01.22,03:00,0.6838,0.6842,0.6829,0.6835,296
2020.01.22,04:00,0.6834,0.6847,0.6833,0.6846,301
2020.01.22,05:00,0.6845,0.6847,0.6841,0.6844,218
2020.01.22,06:00,0.6843,0.6847,0.6838,0.6841,181
2020.01.22,07:00,0.6840,0.6846,0.6840,0.6844,193
2020.01.22,08:00,0.6845,0.6845,0.6838,0.6844,236
2020.01.22,09:00,0.6843,0.6844,0.6837,0.6842,236
2020.01.22,10:00,0.6841,0.6842,0.6837,0.6840,240
2020.01.22,11:00,0.6839,0.6847,0.6835,0.6846,248
2020.01.22,12:00,0.6845,0.6849,0.6844,0.6848,208
2020.01.22,13:00,0.6849,0.6850,0.6845,0.6849,219
2020.01.22,14:00,0.6848,0.6854,0.6848,0.6852,221
2020.01.22,15:00,0.6851,0.6859,0.6849,0.6851,295
2020.01.22,16:00,0.6850,0.6857,0.6847,0.6850,269
2020.01.22,17:00,0.6849,0.6850,0.6838,0.6841,299
2020.01.22,18:00,0.6840,0.6848,0.6836,0.6836,295
2020.01.22,19:00,0.6837,0.6841,0.6834,0.6841,255
2020.01.22,20:00,0.6840,0.6842,0.6838,0.6842,201
2020.01.22,21:00,0.6841,0.6847,0.6840,0.6845,187
2020.01.22,22:00,0.6846,0.6847,0.6842,0.6846,223
2020.01.22,23:00,0.6845,0.6848,0.6844,0.6846,166
2020.01.23,00:00,0.6847,0.6849,0.6843,0.6845,125
2020.01.23,01:00,0.6844,0.6848,0.6842,0.6844,225
2020.01.23,02:00,0.6843,0.6881,0.6841,0.6874,454
2020.01.23,03:00,0.6873,0.6876,0.6867,0.6875,307
2020.01.23,04:00,0.6874,0.6881,0.6872,0.6878,305
2020.01.23,05:00,0.6877,0.6879,0.6872,0.6873,237
2020.01.23,06:00,0.6872,0.6873,0.6867,0.6870,213
2020.01.23,07:00,0.6869,0.6869,0.6860,0.6863,251
2020.01.23,08:00,0.6864,0.6867,0.6858,0.6867,242
2020.01.23,09:00,0.6866,0.6878,0.6866,0.6875,292
2020.01.23,10:00,0.6874,0.6878,0.6870,0.6872,279
2020.01.23,11:00,0.6871,0.6874,0.6869,0.6873,275
2020.01.23,12:00,0.6872,0.6873,0.6869,0.6872,197
2020.01.23,13:00,0.6873,0.6874,0.6867,0.6871,191
2020.01.23,14:00,0.6872,0.6875,0.6869,0.6873,194
2020.01.23,15:00,0.6872,0.6878,0.6867,0.6869,356
2020.01.23,16:00,0.6868,0.6872,0.6861,0.6866,369
2020.01.23,17:00,0.6865,0.6867,0.6848,0.6850,378
2020.01.23,18:00,0.6849,0.6850,0.6832,0.6836,321
2020.01.23,19:00,0.6835,0.6843,0.6834,0.6841,225
2020.01.23,20:00,0.6842,0.6847,0.6839,0.6842,227
2020.01.23,21:00,0.6841,0.6845,0.6839,0.6844,196
2020.01.23,22:00,0.6843,0.6849,0.6842,0.6845,213
2020.01.23,23:00,0.6844,0.6852,0.6844,0.6848,168
2020.01.24,00:00,0.6849,0.6849,0.6843,0.6845,167
2020.01.24,01:00,0.6846,0.6851,0.6839,0.6851,246
2020.01.24,02:00,0.6850,0.6854,0.6842,0.6849,298
2020.01.24,03:00,0.6848,0.6852,0.6842,0.6845,257
2020.01.24,04:00,0.6846,0.6851,0.6842,0.6849,232
2020.01.24,05:00,0.6848,0.6851,0.6846,0.6851,192
2020.01.24,06:00,0.6850,0.6853,0.6848,0.6849,198
2020.01.24,07:00,0.6848,0.6850,0.6845,0.6849,132
2020.01.24,08:00,0.6848,0.6849,0.6843,0.6844,207
2020.01.24,09:00,0.6845,0.6848,0.6842,0.6847,201
2020.01.24,10:00,0.6848,0.6860,0.6847,0.6856,311
2020.01.24,11:00,0.6855,0.6857,0.6840,0.6841,285
2020.01.24,12:00,0.6840,0.6848,0.6837,0.6848,237
2020.01.24,13:00,0.6847,0.6853,0.6845,0.6850,238
2020.01.24,14:00,0.6849,0.6851,0.6843,0.6844,225
2020.01.24,15:00,0.6845,0.6848,0.6842,0.6848,306
2020.01.24,16:00,0.6847,0.6850,0.6840,0.6845,293
2020.01.24,17:00,0.6844,0.6844,0.6822,0.6830,363
2020.01.24,18:00,0.6829,0.6833,0.6822,0.6826,284
2020.01.24,19:00,0.6825,0.6827,0.6820,0.6826,266
2020.01.24,20:00,0.6825,0.6827,0.6820,0.6823,245
2020.01.24,21:00,0.6822,0.6826,0.6819,0.6826,269
2020.01.24,22:00,0.6825,0.6830,0.6823,0.6825,241
2020.01.24,23:00,0.6824,0.6830,0.6823,0.6829,192
2020.01.27,00:00,0.6822,0.6822,0.6814,0.6819,207
2020.01.27,01:00,0.6818,0.6819,0.6802,0.6804,399
2020.01.27,02:00,0.6805,0.6820,0.6804,0.6817,319
2020.01.27,03:00,0.6818,0.6818,0.6809,0.6812,245
2020.01.27,04:00,0.6811,0.6812,0.6803,0.6804,254
2020.01.27,05:00,0.6805,0.6812,0.6803,0.6809,219
2020.01.27,06:00,0.6810,0.6812,0.6807,0.6807,180
2020.01.27,07:00,0.6808,0.6809,0.6803,0.6809,202
2020.01.27,08:00,0.6808,0.6809,0.6798,0.6800,185
2020.01.27,09:00,0.6801,0.6803,0.6792,0.6793,263
2020.01.27,10:00,0.6794,0.6795,0.6787,0.6788,271
2020.01.27,11:00,0.6789,0.6790,0.6773,0.6779,291
2020.01.27,12:00,0.6778,0.6781,0.6772,0.6775,288
2020.01.27,13:00,0.6774,0.6777,0.6769,0.6772,245
2020.01.27,14:00,0.6771,0.6777,0.6768,0.6770,276
2020.01.27,15:00,0.6771,0.6778,0.6766,0.6775,305
2020.01.27,16:00,0.6774,0.6777,0.6768,0.6772,341
2020.01.27,17:00,0.6773,0.6773,0.6758,0.6762,372
2020.01.27,18:00,0.6761,0.6765,0.6755,0.6760,278
2020.01.27,19:00,0.6759,0.6764,0.6754,0.6762,282
2020.01.27,20:00,0.6763,0.6765,0.6760,0.6761,245
2020.01.27,21:00,0.6760,0.6764,0.6758,0.6760,253
2020.01.27,22:00,0.6759,0.6764,0.6758,0.6761,219
2020.01.27,23:00,0.6762,0.6763,0.6760,0.6762,182
2020.01.28,00:00,0.6763,0.6764,0.6760,0.6762,118
2020.01.28,01:00,0.6761,0.6765,0.6760,0.6765,177
2020.01.28,02:00,0.6764,0.6764,0.6750,0.6751,266
2020.01.28,03:00,0.6752,0.6762,0.6751,0.6755,308
2020.01.28,04:00,0.6756,0.6760,0.6750,0.6759,260
2020.01.28,05:00,0.6758,0.6760,0.6753,0.6760,211
2020.01.28,06:00,0.6759,0.6765,0.6759,0.6763,215
2020.01.28,07:00,0.6764,0.6768,0.6759,0.6766,213
2020.01.28,08:00,0.6765,0.6766,0.6759,0.6763,235
2020.01.28,09:00,0.6762,0.6763,0.6755,0.6758,215
2020.01.28,10:00,0.6757,0.6759,0.6743,0.6745,275
2020.01.28,11:00,0.6744,0.6752,0.6740,0.6748,323
2020.01.28,12:00,0.6749,0.6753,0.6745,0.6747,271
2020.01.28,13:00,0.6746,0.6754,0.6743,0.6754,233
2020.01.28,14:00,0.6753,0.6758,0.6750,0.6756,278
2020.01.28,15:00,0.6755,0.6761,0.6753,0.6757,293
2020.01.28,16:00,0.6756,0.6760,0.6748,0.6754,277
2020.01.28,17:00,0.6753,0.6760,0.6752,0.6754,326
2020.01.28,18:00,0.6755,0.6757,0.6751,0.6755,253
2020.01.28,19:00,0.6754,0.6755,0.6748,0.6750,253
2020.01.28,20:00,0.6751,0.6754,0.6749,0.6753,193
2020.01.28,21:00,0.6752,0.6756,0.6750,0.6754,211
2020.01.28,22:00,0.6753,0.6761,0.6753,0.6760,202
2020.01.28,23:00,0.6759,0.6766,0.6758,0.6764,180
2020.01.29,00:00,0.6763,0.6767,0.6760,0.6762,210
2020.01.29,01:00,0.6763,0.6769,0.6756,0.6765,219
2020.01.29,02:00,0.6766,0.6775,0.6760,0.6772,311
2020.01.29,03:00,0.6771,0.6774,0.6765,0.6766,316
2020.01.29,04:00,0.6765,0.6772,0.6763,0.6772,240
2020.01.29,05:00,0.6771,0.6780,0.6771,0.6779,229
2020.01.29,06:00,0.6778,0.6778,0.6770,0.6776,213
2020.01.29,07:00,0.6777,0.6777,0.6768,0.6773,213
2020.01.29,08:00,0.6772,0.6774,0.6769,0.6769,200
2020.01.29,09:00,0.6770,0.6771,0.6757,0.6762,237
2020.01.29,10:00,0.6761,0.6765,0.6756,0.6761,265
2020.01.29,11:00,0.6760,0.6762,0.6752,0.6754,249
2020.01.29,12:00,0.6755,0.6758,0.6749,0.6754,209
2020.01.29,13:00,0.6753,0.6754,0.6747,0.6752,204
2020.01.29,14:00,0.6751,0.6755,0.6748,0.6751,257
2020.01.29,15:00,0.6750,0.6753,0.6744,0.6747,318
2020.01.29,16:00,0.6746,0.6753,0.6738,0.6743,286
2020.01.29,17:00,0.6742,0.6749,0.6738,0.6743,298
2020.01.29,18:00,0.6742,0.6750,0.6742,0.6747,244
2020.01.29,19:00,0.6746,0.6752,0.6743,0.6750,221
2020.01.29,20:00,0.6749,0.6750,0.6743,0.6750,262
2020.01.29,21:00,0.6749,0.6765,0.6745,0.6763,275
2020.01.29,22:00,0.6762,0.6765,0.6752,0.6752,287
2020.01.29,23:00,0.6753,0.6756,0.6750,0.6755,175
2020.01.30,00:00,0.6756,0.6756,0.6749,0.6750,217
2020.01.30,01:00,0.6751,0.6758,0.6749,0.6756,200
2020.01.30,02:00,0.6755,0.6756,0.6742,0.6744,260
2020.01.30,03:00,0.6745,0.6747,0.6739,0.6746,276
2020.01.30,04:00,0.6747,0.6748,0.6736,0.6738,308
2020.01.30,05:00,0.6737,0.6741,0.6733,0.6738,268
2020.01.30,06:00,0.6737,0.6741,0.6733,0.6740,242
2020.01.30,07:00,0.6741,0.6742,0.6733,0.6739,265
2020.01.30,08:00,0.6738,0.6742,0.6736,0.6737,262
2020.01.30,09:00,0.6738,0.6738,0.6725,0.6729,304
2020.01.30,10:00,0.6728,0.6735,0.6726,0.6735,294
2020.01.30,11:00,0.6734,0.6738,0.6730,0.6734,287
2020.01.30,12:00,0.6735,0.6737,0.6729,0.6733,265
2020.01.30,13:00,0.6734,0.6734,0.6726,0.6733,258
2020.01.30,14:00,0.6734,0.6735,0.6723,0.6724,265
2020.01.30,15:00,0.6723,0.6730,0.6717,0.6721,325
2020.01.30,16:00,0.6722,0.6722,0.6707,0.6710,311
2020.01.30,17:00,0.6711,0.6712,0.6702,0.6707,309
2020.01.30,18:00,0.6708,0.6720,0.6705,0.6717,278
2020.01.30,19:00,0.6716,0.6718,0.6705,0.6709,282
2020.01.30,20:00,0.6708,0.6713,0.6708,0.6709,228
2020.01.30,21:00,0.6710,0.6718,0.6708,0.6710,306
2020.01.30,22:00,0.6711,0.6725,0.6710,0.6722,324
2020.01.30,23:00,0.6723,0.6726,0.6721,0.6723,219
2020.01.31,00:00,0.6722,0.6725,0.6718,0.6721,169
2020.01.31,01:00,0.6720,0.6721,0.6708,0.6708,207
2020.01.31,02:00,0.6709,0.6724,0.6708,0.6724,286
2020.01.31,03:00,0.6722,0.6732,0.6713,0.6717,330
2020.01.31,04:00,0.6716,0.6724,0.6715,0.6716,303
2020.01.31,05:00,0.6717,0.6717,0.6711,0.6715,237
2020.01.31,06:00,0.6716,0.6725,0.6713,0.6725,230
2020.01.31,07:00,0.6724,0.6727,0.6719,0.6723,244
2020.01.31,08:00,0.6722,0.6722,0.6714,0.6717,216
2020.01.31,09:00,0.6718,0.6720,0.6711,0.6713,244
2020.01.31,10:00,0.6712,0.6713,0.6697,0.6699,286
2020.01.31,11:00,0.6700,0.6702,0.6686,0.6691,290
2020.01.31,12:00,0.6690,0.6698,0.6685,0.6694,283
2020.01.31,13:00,0.6695,0.6699,0.6692,0.6695,257
2020.01.31,14:00,0.6694,0.6704,0.6692,0.6704,267
2020.01.31,15:00,0.6703,0.6707,0.6698,0.6705,295
2020.01.31,16:00,0.6704,0.6709,0.6693,0.6703,292
2020.01.31,17:00,0.6702,0.6703,0.6689,0.6697,326
2020.01.31,18:00,0.6698,0.6705,0.6695,0.6701,354
2020.01.31,19:00,0.6700,0.6703,0.6692,0.6700,265
2020.01.31,20:00,0.6699,0.6700,0.6690,0.6694,248
2020.01.31,21:00,0.6695,0.6700,0.6689,0.6699,297
2020.01.31,22:00,0.6698,0.6699,0.6693,0.6696,263
2020.01.31,23:00,0.6695,0.6698,0.6687,0.6693,199
2020.02.03,00:00,0.6690,0.6691,0.6686,0.6687,180
2020.02.03,01:00,0.6688,0.6698,0.6685,0.6696,311
2020.02.03,02:00,0.6695,0.6707,0.6691,0.6701,299
2020.02.03,03:00,0.6702,0.6708,0.6694,0.6701,504
2020.02.03,04:00,0.6702,0.6702,0.6686,0.6693,316
2020.02.03,05:00,0.6694,0.6696,0.6688,0.6694,255
2020.02.03,06:00,0.6695,0.6701,0.6693,0.6696,192
2020.02.03,07:00,0.6697,0.6707,0.6697,0.6706,248
2020.02.03,08:00,0.6705,0.6707,0.6698,0.6704,230
2020.02.03,09:00,0.6705,0.6710,0.6701,0.6703,259
2020.02.03,10:00,0.6702,0.6704,0.6691,0.6695,318
2020.02.03,11:00,0.6694,0.6701,0.6688,0.6700,283
2020.02.03,12:00,0.6701,0.6702,0.6692,0.6695,271
2020.02.03,13:00,0.6694,0.6701,0.6693,0.6701,308
2020.02.03,14:00,0.6702,0.6707,0.6699,0.6703,256
2020.02.03,15:00,0.6702,0.6705,0.6697,0.6699,252
2020.02.03,16:00,0.6698,0.6705,0.6694,0.6703,300
2020.02.03,17:00,0.6701,0.6710,0.6690,0.6697,349
2020.02.03,18:00,0.6696,0.6701,0.6685,0.6690,305
2020.02.03,19:00,0.6689,0.6692,0.6685,0.6691,241
2020.02.03,20:00,0.6690,0.6694,0.6689,0.6694,193
2020.02.03,21:00,0.6693,0.6694,0.6688,0.6689,197
2020.02.03,22:00,0.6688,0.6692,0.6688,0.6691,154
2020.02.03,23:00,0.6690,0.6696,0.6689,0.6694,168
2020.02.04,00:00,0.6695,0.6695,0.6691,0.6693,132
2020.02.04,01:00,0.6692,0.6695,0.6689,0.6692,175
2020.02.04,02:00,0.6691,0.6694,0.6685,0.6688,258
2020.02.04,03:00,0.6689,0.6699,0.6682,0.6696,322
2020.02.04,04:00,0.6695,0.6695,0.6687,0.6691,267
2020.02.04,05:00,0.6690,0.6728,0.6685,0.6718,466
2020.02.04,06:00,0.6717,0.6726,0.6714,0.6721,299
2020.02.04,07:00,0.6720,0.6723,0.6714,0.6718,309
2020.02.04,08:00,0.6719,0.6729,0.6718,0.6727,233
2020.02.04,09:00,0.6726,0.6727,0.6715,0.6716,293
2020.02.04,10:00,0.6717,0.6735,0.6715,0.6723,301
2020.02.04,11:00,0.6722,0.6723,0.6708,0.6710,267
2020.02.04,12:00,0.6711,0.6719,0.6707,0.6712,272
2020.02.04,13:00,0.6711,0.6719,0.6707,0.6717,267
2020.02.04,14:00,0.6716,0.6726,0.6716,0.6725,224
2020.02.04,15:00,0.6726,0.6727,0.6719,0.6724,313
2020.02.04,16:00,0.6723,0.6736,0.6723,0.6735,279
2020.02.04,17:00,0.6736,0.6736,0.6726,0.6729,302
2020.02.04,18:00,0.6730,0.6736,0.6728,0.6734,263
2020.02.04,19:00,0.6733,0.6741,0.6733,0.6738,262
2020.02.04,20:00,0.6737,0.6742,0.6734,0.6737,211
2020.02.04,21:00,0.6736,0.6740,0.6734,0.6739,204
2020.02.04,22:00,0.6740,0.6741,0.6736,0.6741,184
2020.02.04,23:00,0.6740,0.6744,0.6737,0.6741,214
2020.02.05,00:00,0.6740,0.6745,0.6738,0.6742,145
2020.02.05,01:00,0.6741,0.6743,0.6732,0.6734,180
2020.02.05,02:00,0.6733,0.6740,0.6732,0.6735,269
2020.02.05,03:00,0.6736,0.6746,0.6726,0.6746,357
2020.02.05,04:00,0.6745,0.6748,0.6735,0.6738,330
2020.02.05,05:00,0.6737,0.6741,0.6735,0.6741,263
2020.02.05,06:00,0.6740,0.6742,0.6737,0.6739,154
2020.02.05,07:00,0.6740,0.6741,0.6736,0.6739,200
2020.02.05,08:00,0.6738,0.6744,0.6737,0.6739,220
2020.02.05,09:00,0.6740,0.6747,0.6737,0.6743,280
2020.02.05,10:00,0.6742,0.6765,0.6737,0.6763,384
2020.02.05,11:00,0.6762,0.6777,0.6759,0.6774,359
2020.02.05,12:00,0.6773,0.6775,0.6767,0.6770,262
2020.02.05,13:00,0.6769,0.6772,0.6755,0.6760,318
2020.02.05,14:00,0.6759,0.6769,0.6756,0.6767,265
2020.02.05,15:00,0.6766,0.6774,0.6761,0.6773,311
2020.02.05,16:00,0.6772,0.6774,0.6754,0.6758,313
2020.02.05,17:00,0.6757,0.6760,0.6744,0.6747,357
2020.02.05,18:00,0.6748,0.6757,0.6745,0.6751,260
2020.02.05,19:00,0.6750,0.6751,0.6746,0.6747,174
2020.02.05,20:00,0.6746,0.6750,0.6745,0.6748,167
2020.02.05,21:00,0.6747,0.6749,0.6744,0.6747,177
2020.02.05,22:00,0.6748,0.6749,0.6745,0.6747,200
2020.02.05,23:00,0.6746,0.6749,0.6746,0.6748,143
2020.02.06,00:00,0.6747,0.6753,0.6746,0.6749,125
2020.02.06,01:00,0.6750,0.6755,0.6747,0.6752,183
2020.02.06,02:00,0.6753,0.6764,0.6747,0.6756,290
2020.02.06,03:00,0.6757,0.6765,0.6752,0.6756,304
2020.02.06,04:00,0.6755,0.6761,0.6749,0.6751,237
2020.02.06,05:00,0.6752,0.6758,0.6750,0.6753,222
2020.02.06,06:00,0.6754,0.6767,0.6754,0.6762,268
2020.02.06,07:00,0.6761,0.6764,0.6758,0.6762,211
2020.02.06,08:00,0.6761,0.6764,0.6756,0.6757,233
2020.02.06,09:00,0.6758,0.6758,0.6751,0.6753,260
2020.02.06,10:00,0.6752,0.6755,0.6746,0.6752,271
2020.02.06,11:00,0.6751,0.6754,0.6740,0.6744,290
2020.02.06,12:00,0.6743,0.6751,0.6743,0.6746,236
2020.02.06,13:00,0.6745,0.6753,0.6744,0.6751,233
2020.02.06,14:00,0.6752,0.6761,0.6750,0.6759,224
2020.02.06,15:00,0.6758,0.6760,0.6755,0.6757,232
2020.02.06,16:00,0.6756,0.6758,0.6743,0.6745,314
2020.02.06,17:00,0.6746,0.6746,0.6732,0.6740,299
2020.02.06,18:00,0.6739,0.6747,0.6734,0.6740,286
2020.02.06,19:00,0.6739,0.6742,0.6738,0.6740,210
2020.02.06,20:00,0.6739,0.6742,0.6736,0.6737,201
2020.02.06,21:00,0.6738,0.6738,0.6732,0.6733,222
2020.02.06,22:00,0.6734,0.6736,0.6729,0.6732,231
2020.02.06,23:00,0.6731,0.6734,0.6728,0.6732,160
2020.02.07,00:00,0.6731,0.6737,0.6729,0.6735,131
2020.02.07,01:00,0.6736,0.6739,0.6732,0.6734,145
2020.02.07,02:00,0.6733,0.6734,0.6716,0.6723,279
2020.02.07,03:00,0.6722,0.6725,0.6715,0.6720,317
2020.02.07,04:00,0.6719,0.6726,0.6714,0.6717,285
2020.02.07,05:00,0.6716,0.6724,0.6716,0.6723,220
2020.02.07,06:00,0.6722,0.6725,0.6718,0.6719,170
2020.02.07,07:00,0.6720,0.6723,0.6715,0.6720,207
2020.02.07,08:00,0.6721,0.6727,0.6716,0.6724,238
2020.02.07,09:00,0.6723,0.6724,0.6707,0.6707,261
2020.02.07,10:00,0.6708,0.6710,0.6696,0.6701,296
2020.02.07,11:00,0.6700,0.6702,0.6685,0.6686,255
2020.02.07,12:00,0.6685,0.6690,0.6675,0.6681,289
2020.02.07,13:00,0.6682,0.6688,0.6679,0.6686,243
2020.02.07,14:00,0.6685,0.6688,0.6684,0.6687,211
2020.02.07,15:00,0.6686,0.6687,0.6676,0.6677,341
2020.02.07,16:00,0.6678,0.6678,0.6665,0.6674,330
2020.02.07,17:00,0.6673,0.6692,0.6672,0.6689,329
2020.02.07,18:00,0.6688,0.6691,0.6678,0.6681,284
2020.02.07,19:00,0.6680,0.6682,0.6677,0.6679,232
2020.02.07,20:00,0.6680,0.6684,0.6676,0.6677,215
2020.02.07,21:00,0.6676,0.6680,0.6675,0.6680,247
2020.02.07,22:00,0.6679,0.6680,0.6675,0.6680,214
2020.02.07,23:00,0.6679,0.6682,0.6675,0.6676,156
2020.02.10,00:00,0.6675,0.6677,0.6669,0.6676,161
2020.02.10,01:00,0.6677,0.6681,0.6669,0.6673,321
2020.02.10,02:00,0.6672,0.6684,0.6671,0.6681,292
2020.02.10,03:00,0.6680,0.6693,0.6676,0.6691,362
2020.02.10,04:00,0.6692,0.6708,0.6689,0.6705,326
2020.02.10,05:00,0.6706,0.6709,0.6698,0.6702,263
2020.02.10,06:00,0.6701,0.6704,0.6697,0.6700,216
2020.02.10,07:00,0.6699,0.6707,0.6698,0.6706,234
2020.02.10,08:00,0.6705,0.6710,0.6702,0.6707,267
2020.02.10,09:00,0.6706,0.6709,0.6697,0.6698,287
2020.02.10,10:00,0.6699,0.6700,0.6690,0.6699,311
2020.02.10,11:00,0.6700,0.6703,0.6692,0.6695,256
2020.02.10,12:00,0.6696,0.6703,0.6694,0.6697,280
2020.02.10,13:00,0.6698,0.6698,0.6692,0.6694,235
2020.02.10,14:00,0.6693,0.6696,0.6686,0.6688,256
2020.02.10,15:00,0.6687,0.6696,0.6684,0.6686,280
2020.02.10,16:00,0.6687,0.6689,0.6680,0.6689,299
2020.02.10,17:00,0.6688,0.6696,0.6679,0.6682,309
2020.02.10,18:00,0.6683,0.6683,0.6674,0.6677,265
2020.02.10,19:00,0.6676,0.6679,0.6673,0.6676,237
2020.02.10,20:00,0.6675,0.6680,0.6674,0.6679,229
2020.02.10,21:00,0.6678,0.6684,0.6675,0.6681,213
2020.02.10,22:00,0.6682,0.6685,0.6680,0.6684,217
2020.02.10,23:00,0.6683,0.6689,0.6683,0.6688,132
2020.02.11,00:00,0.6686,0.6690,0.6685,0.6687,199
2020.02.11,01:00,0.6686,0.6694,0.6685,0.6692,201
2020.02.11,02:00,0.6691,0.6697,0.6684,0.6697,307
2020.02.11,03:00,0.6696,0.6710,0.6695,0.6703,310
2020.02.11,04:00,0.6702,0.6710,0.6698,0.6708,283
2020.02.11,05:00,0.6707,0.6712,0.6706,0.6711,225
2020.02.11,06:00,0.6710,0.6713,0.6707,0.6710,189
2020.02.11,07:00,0.6711,0.6717,0.6710,0.6717,201
2020.02.11,08:00,0.6718,0.6722,0.6717,0.6719,222
2020.02.11,09:00,0.6718,0.6718,0.6709,0.6712,245
2020.02.11,10:00,0.6711,0.6717,0.6707,0.6713,273
2020.02.11,11:00,0.6712,0.6714,0.6706,0.6708,267
2020.02.11,12:00,0.6709,0.6712,0.6706,0.6711,259
2020.02.11,13:00,0.6710,0.6712,0.6707,0.6709,230
2020.02.11,14:00,0.6710,0.6714,0.6705,0.6710,233
2020.02.11,15:00,0.6711,0.6713,0.6701,0.6713,325
2020.02.11,16:00,0.6712,0.6732,0.6710,0.6732,343
2020.02.11,17:00,0.6731,0.6739,0.6722,0.6724,327
2020.02.11,18:00,0.6723,0.6726,0.6711,0.6714,296
2020.02.11,19:00,0.6713,0.6718,0.6712,0.6715,273
2020.02.11,20:00,0.6714,0.6718,0.6709,0.6711,286
2020.02.11,21:00,0.6710,0.6717,0.6710,0.6717,232
2020.02.11,22:00,0.6716,0.6717,0.6712,0.6716,217
2020.02.11,23:00,0.6717,0.6717,0.6713,0.6716,172
2020.02.12,00:00,0.6715,0.6718,0.6713,0.6718,147
2020.02.12,01:00,0.6717,0.6724,0.6715,0.6720,166
2020.02.12,02:00,0.6721,0.6722,0.6714,0.6721,255
2020.02.12,03:00,0.6720,0.6736,0.6720,0.6733,416
2020.02.12,04:00,0.6732,0.6740,0.6730,0.6736,305
2020.02.12,05:00,0.6735,0.6736,0.6730,0.6732,230
2020.02.12,06:00,0.6731,0.6733,0.6728,0.6730,230
2020.02.12,07:00,0.6729,0.6737,0.6729,0.6729,263
2020.02.12,08:00,0.6728,0.6732,0.6725,0.6728,269
2020.02.12,09:00,0.6727,0.6737,0.6725,0.6732,290
2020.02.12,10:00,0.6733,0.6751,0.6731,0.6747,311
2020.02.12,11:00,0.6746,0.6746,0.6739,0.6740,273
2020.02.12,12:00,0.6741,0.6748,0.6740,0.6746,244
2020.02.12,13:00,0.6745,0.6750,0.6744,0.6748,228
2020.02.12,14:00,0.6747,0.6751,0.6744,0.6750,202
2020.02.12,15:00,0.6751,0.6751,0.6741,0.6743,259
2020.02.12,16:00,0.6742,0.6747,0.6739,0.6743,274
2020.02.12,17:00,0.6744,0.6749,0.6736,0.6747,298
2020.02.12,18:00,0.6748,0.6753,0.6744,0.6748,285
2020.02.12,19:00,0.6747,0.6748,0.6740,0.6742,268
2020.02.12,20:00,0.6741,0.6744,0.6740,0.6742,194
2020.02.12,21:00,0.6741,0.6744,0.6735,0.6738,266
2020.02.12,22:00,0.6737,0.6740,0.6735,0.6740,198
2020.02.12,23:00,0.6739,0.6741,0.6737,0.6739,163
2020.02.13,00:00,0.6738,0.6740,0.6735,0.6737,155
2020.02.13,01:00,0.6736,0.6738,0.6710,0.6716,407
2020.02.13,02:00,0.6715,0.6728,0.6713,0.6721,409
2020.02.13,03:00,0.6720,0.6734,0.6719,0.6729,298
2020.02.13,04:00,0.6728,0.6731,0.6724,0.6724,261
2020.02.13,05:00,0.6725,0.6729,0.6722,0.6723,213
2020.02.13,06:00,0.6722,0.6726,0.6718,0.6720,219
2020.02.13,07:00,0.6721,0.6722,0.6715,0.6722,264
2020.02.13,08:00,0.6721,0.6723,0.6713,0.6719,247
2020.02.13,09:00,0.6718,0.6727,0.6715,0.6725,244
2020.02.13,10:00,0.6726,0.6739,0.6725,0.6738,275
2020.02.13,11:00,0.6737,0.6740,0.6725,0.6729,229
2020.02.13,12:00,0.6728,0.6735,0.6723,0.6729,276
2020.02.13,13:00,0.6730,0.6733,0.6727,0.6729,235
2020.02.13,14:00,0.6730,0.6736,0.6728,0.6733,272
2020.02.13,15:00,0.6734,0.6739,0.6731,0.6737,269
2020.02.13,16:00,0.6736,0.6748,0.6733,0.6741,266
2020.02.13,17:00,0.6742,0.6742,0.6731,0.6735,310
2020.02.13,18:00,0.6734,0.6738,0.6728,0.6731,246
2020.02.13,19:00,0.6730,0.6733,0.6724,0.6724,227
2020.02.13,20:00,0.6725,0.6727,0.6722,0.6725,215
2020.02.13,21:00,0.6726,0.6728,0.6723,0.6727,186
2020.02.13,22:00,0.6726,0.6728,0.6719,0.6721,200
2020.02.13,23:00,0.6720,0.6723,0.6719,0.6721,157
2020.02.14,00:00,0.6720,0.6721,0.6716,0.6718,157
2020.02.14,01:00,0.6719,0.6723,0.6712,0.6720,238
2020.02.14,02:00,0.6721,0.6723,0.6714,0.6722,262
2020.02.14,03:00,0.6723,0.6729,0.6719,0.6726,262
2020.02.14,04:00,0.6725,0.6733,0.6723,0.6733,233
2020.02.14,05:00,0.6732,0.6734,0.6723,0.6723,234
2020.02.14,06:00,0.6724,0.6726,0.6719,0.6719,174
2020.02.14,07:00,0.6720,0.6723,0.6718,0.6722,169
2020.02.14,08:00,0.6721,0.6724,0.6719,0.6720,176
2020.02.14,09:00,0.6719,0.6732,0.6718,0.6732,256
2020.02.14,10:00,0.6731,0.6731,0.6725,0.6728,248
2020.02.14,11:00,0.6727,0.6729,0.6723,0.6726,230
2020.02.14,12:00,0.6725,0.6727,0.6718,0.6720,214
2020.02.14,13:00,0.6721,0.6722,0.6712,0.6713,217
2020.02.14,14:00,0.6714,0.6719,0.6714,0.6717,222
2020.02.14,15:00,0.6718,0.6728,0.6712,0.6725,270
2020.02.14,16:00,0.6726,0.6728,0.6718,0.6719,251
2020.02.14,17:00,0.6720,0.6722,0.6714,0.6719,292
2020.02.14,18:00,0.6718,0.6722,0.6715,0.6721,222
2020.02.14,19:00,0.6720,0.6721,0.6714,0.6716,217
2020.02.14,20:00,0.6715,0.6717,0.6712,0.6713,151
2020.02.14,21:00,0.6712,0.6715,0.6711,0.6713,196
2020.02.14,22:00,0.6712,0.6718,0.6712,0.6717,174
2020.02.14,23:00,0.6718,0.6718,0.6713,0.6716,182
2020.02.17,00:00,0.6720,0.6726,0.6718,0.6721,143
2020.02.17,01:00,0.6722,0.6732,0.6719,0.6728,239
2020.02.17,02:00,0.6727,0.6727,0.6716,0.6719,243
2020.02.17,03:00,0.6720,0.6729,0.6716,0.6728,251
2020.02.17,04:00,0.6727,0.6731,0.6725,0.6728,202
2020.02.17,05:00,0.6729,0.6731,0.6724,0.6724,146
2020.02.17,06:00,0.6725,0.6729,0.6724,0.6727,127
2020.02.17,07:00,0.6726,0.6736,0.6725,0.6733,204
2020.02.17,08:00,0.6732,0.6734,0.6726,0.6729,216
2020.02.17,09:00,0.6728,0.6733,0.6726,0.6730,233
2020.02.17,10:00,0.6731,0.6732,0.6722,0.6728,242
2020.02.17,11:00,0.6727,0.6731,0.6724,0.6729,213
2020.02.17,12:00,0.6728,0.6732,0.6723,0.6724,189
2020.02.17,13:00,0.6725,0.6728,0.6720,0.6724,194
2020.02.17,14:00,0.6723,0.6725,0.6716,0.6718,230
2020.02.17,15:00,0.6717,0.6722,0.6716,0.6721,207
2020.02.17,16:00,0.6720,0.6726,0.6718,0.6723,226
2020.02.17,17:00,0.6724,0.6724,0.6715,0.6717,202
2020.02.17,18:00,0.6716,0.6722,0.6714,0.6722,211
2020.02.17,19:00,0.6721,0.6723,0.6718,0.6720,150
2020.02.17,20:00,0.6721,0.6722,0.6718,0.6720,118
2020.02.17,21:00,0.6721,0.6721,0.6717,0.6719,145
2020.02.17,22:00,0.6718,0.6721,0.6717,0.6720,174
2020.02.17,23:00,0.6719,0.6720,0.6713,0.6714,209
2020.02.18,00:00,0.6715,0.6719,0.6713,0.6715,131
2020.02.18,01:00,0.6714,0.6716,0.6708,0.6712,201
2020.02.18,02:00,0.6711,0.6712,0.6692,0.6692,334
2020.02.18,03:00,0.6693,0.6697,0.6689,0.6693,276
2020.02.18,04:00,0.6692,0.6693,0.6686,0.6688,231
2020.02.18,05:00,0.6687,0.6694,0.6686,0.6694,196
2020.02.18,06:00,0.6693,0.6697,0.6690,0.6695,151
2020.02.18,07:00,0.6694,0.6695,0.6690,0.6692,153
2020.02.18,08:00,0.6693,0.6696,0.6689,0.6691,201
2020.02.18,09:00,0.6690,0.6693,0.6684,0.6686,257
2020.02.18,10:00,0.6687,0.6691,0.6680,0.6682,265
2020.02.18,11:00,0.6681,0.6682,0.6676,0.6679,241
2020.02.18,12:00,0.6678,0.6688,0.6676,0.6682,270
2020.02.18,13:00,0.6681,0.6691,0.6681,0.6687,237
2020.02.18,14:00,0.6688,0.6688,0.6680,0.6681,224
2020.02.18,15:00,0.6682,0.6684,0.6678,0.6684,237
2020.02.18,16:00,0.6683,0.6695,0.6678,0.6694,249
2020.02.18,17:00,0.6695,0.6701,0.6687,0.6699,283
2020.02.18,18:00,0.6700,0.6700,0.6691,0.6694,237
2020.02.18,19:00,0.6693,0.6696,0.6690,0.6692,196
2020.02.18,20:00,0.6691,0.6693,0.6685,0.6687,207
2020.02.18,21:00,0.6686,0.6692,0.6685,0.6688,189
2020.02.18,22:00,0.6689,0.6691,0.6686,0.6691,183
2020.02.18,23:00,0.6690,0.6691,0.6687,0.6688,130
2020.02.19,00:00,0.6687,0.6691,0.6686,0.6690,173
2020.02.19,01:00,0.6689,0.6697,0.6688,0.6697,201
2020.02.19,02:00,0.6696,0.6698,0.6691,0.6693,196
2020.02.19,03:00,0.6692,0.6694,0.6686,0.6690,263
2020.02.19,04:00,0.6691,0.6704,0.6689,0.6696,254
2020.02.19,05:00,0.6695,0.6700,0.6694,0.6698,188
2020.02.19,06:00,0.6697,0.6702,0.6694,0.6698,164
2020.02.19,07:00,0.6697,0.6698,0.6692,0.6697,188
2020.02.19,08:00,0.6696,0.6700,0.6692,0.6699,218
2020.02.19,09:00,0.6698,0.6707,0.6696,0.6704,257
2020.02.19,10:00,0.6705,0.6705,0.6696,0.6701,271
2020.02.19,11:00,0.6702,0.6710,0.6701,0.6703,232
2020.02.19,12:00,0.6702,0.6703,0.6695,0.6696,193
2020.02.19,13:00,0.6695,0.6697,0.6688,0.6692,218
2020.02.19,14:00,0.6693,0.6697,0.6691,0.6693,191
2020.02.19,15:00,0.6694,0.6695,0.6681,0.6684,287
2020.02.19,16:00,0.6683,0.6686,0.6676,0.6678,307
2020.02.19,17:00,0.6677,0.6681,0.6667,0.6675,211
2020.02.19,18:00,0.6676,0.6681,0.6672,0.6676,269
2020.02.19,19:00,0.6675,0.6677,0.6671,0.6672,244
2020.02.19,20:00,0.6673,0.6676,0.6671,0.6676,188
2020.02.19,21:00,0.6675,0.6678,0.6672,0.6674,212
2020.02.19,22:00,0.6675,0.6680,0.6674,0.6679,223
2020.02.19,23:00,0.6680,0.6682,0.6677,0.6680,173
2020.02.20,00:00,0.6681,0.6683,0.6676,0.6679,222
2020.02.20,01:00,0.6678,0.6687,0.6677,0.6682,213
2020.02.20,02:00,0.6683,0.6698,0.6678,0.6679,342
2020.02.20,03:00,0.6678,0.6681,0.6644,0.6650,355
2020.02.20,04:00,0.6649,0.6653,0.6635,0.6638,378
2020.02.20,05:00,0.6637,0.6643,0.6632,0.6639,295
2020.02.20,06:00,0.6638,0.6651,0.6636,0.6651,220
2020.02.20,07:00,0.6650,0.6657,0.6650,0.6654,241
2020.02.20,08:00,0.6653,0.6654,0.6645,0.6650,264
2020.02.20,09:00,0.6649,0.6651,0.6639,0.6643,295
2020.02.20,10:00,0.6642,0.6644,0.6631,0.6635,296
2020.02.20,11:00,0.6634,0.6641,0.6623,0.6638,285
2020.02.20,12:00,0.6637,0.6639,0.6625,0.6628,260
2020.02.20,13:00,0.6627,0.6636,0.6625,0.6635,239
2020.02.20,14:00,0.6636,0.6636,0.6619,0.6627,258
2020.02.20,15:00,0.6626,0.6627,0.6617,0.6621,303
2020.02.20,16:00,0.6620,0.6632,0.6620,0.6631,312
2020.02.20,17:00,0.6632,0.6638,0.6622,0.6630,341
2020.02.20,18:00,0.6629,0.6630,0.6612,0.6621,331
2020.02.20,19:00,0.6620,0.6623,0.6614,0.6620,315
2020.02.20,20:00,0.6621,0.6623,0.6615,0.6615,237
2020.02.20,21:00,0.6616,0.6622,0.6615,0.6616,233
2020.02.20,22:00,0.6617,0.6620,0.6614,0.6620,228
2020.02.20,23:00,0.6619,0.6621,0.6613,0.6617,168
2020.02.21,00:00,0.6616,0.6619,0.6613,0.6615,132
2020.02.21,01:00,0.6614,0.6620,0.6614,0.6614,207
2020.02.21,02:00,0.6615,0.6627,0.6613,0.6622,278
2020.02.21,03:00,0.6621,0.6624,0.6612,0.6612,314
2020.02.21,04:00,0.6613,0.6614,0.6594,0.6601,337
2020.02.21,05:00,0.6600,0.6607,0.6600,0.6606,243
2020.02.21,06:00,0.6605,0.6607,0.6600,0.6606,220
2020.02.21,07:00,0.6607,0.6608,0.6600,0.6603,209
2020.02.21,08:00,0.6602,0.6606,0.6597,0.6603,232
2020.02.21,09:00,0.6602,0.6604,0.6592,0.6595,284
2020.02.21,10:00,0.6594,0.6604,0.6587,0.6604,357
2020.02.21,11:00,0.6605,0.6608,0.6593,0.6595,293
2020.02.21,12:00,0.6594,0.6600,0.6593,0.6598,259
2020.02.21,13:00,0.6597,0.6604,0.6594,0.6603,245
2020.02.21,14:00,0.6604,0.6609,0.6599,0.6604,265
2020.02.21,15:00,0.6605,0.6610,0.6601,0.6608,262
2020.02.21,16:00,0.6607,0.6620,0.6599,0.6616,328
2020.02.21,17:00,0.6615,0.6639,0.6614,0.6634,378
2020.02.21,18:00,0.6633,0.6642,0.6630,0.6634,298
2020.02.21,19:00,0.6633,0.6639,0.6630,0.6633,239
2020.02.21,20:00,0.6632,0.6635,0.6630,0.6634,207
2020.02.21,21:00,0.6633,0.6635,0.6630,0.6634,230
2020.02.21,22:00,0.6633,0.6634,0.6626,0.6630,250
2020.02.21,23:00,0.6629,0.6630,0.6625,0.6629,187
2020.02.24,00:00,0.6588,0.6608,0.6587,0.6597,256
2020.02.24,01:00,0.6598,0.6611,0.6598,0.6608,346
2020.02.24,02:00,0.6607,0.6622,0.6606,0.6611,307
2020.02.24,03:00,0.6610,0.6615,0.6603,0.6611,320
2020.02.24,04:00,0.6612,0.6617,0.6605,0.6606,297
2020.02.24,05:00,0.6605,0.6612,0.6602,0.6610,246
2020.02.24,06:00,0.6611,0.6613,0.6608,0.6611,211
2020.02.24,07:00,0.6612,0.6613,0.6599,0.6600,251
2020.02.24,08:00,0.6599,0.6605,0.6593,0.6597,261
2020.02.24,09:00,0.6596,0.6601,0.6592,0.6597,316
2020.02.24,10:00,0.6596,0.6602,0.6589,0.6600,313
2020.02.24,11:00,0.6599,0.6608,0.6591,0.6596,318
2020.02.24,12:00,0.6595,0.6599,0.6590,0.6591,278
2020.02.24,13:00,0.6590,0.6608,0.6590,0.6606,281
2020.02.24,14:00,0.6607,0.6608,0.6601,0.6606,234
2020.02.24,15:00,0.6607,0.6607,0.6596,0.6598,264
2020.02.24,16:00,0.6597,0.6615,0.6597,0.6613,345
2020.02.24,17:00,0.6612,0.6622,0.6610,0.6620,309
2020.02.24,18:00,0.6619,0.6621,0.6612,0.6614,274
2020.02.24,19:00,0.6613,0.6622,0.6612,0.6621,299
2020.02.24,20:00,0.6620,0.6621,0.6612,0.6614,241
2020.02.24,21:00,0.6613,0.6613,0.6599,0.6600,288
2020.02.24,22:00,0.6601,0.6607,0.6601,0.6604,294
2020.02.24,23:00,0.6603,0.6607,0.6601,0.6606,231
2020.02.25,00:00,0.6605,0.6608,0.6601,0.6603,176
2020.02.25,01:00,0.6602,0.6616,0.6601,0.6614,299
2020.02.25,02:00,0.6613,0.6621,0.6609,0.6612,318
2020.02.25,03:00,0.6611,0.6624,0.6610,0.6619,327
2020.02.25,04:00,0.6618,0.6625,0.6614,0.6623,318
2020.02.25,05:00,0.6622,0.6624,0.6617,0.6623,292
2020.02.25,06:00,0.6622,0.6625,0.6614,0.6614,227
2020.02.25,07:00,0.6615,0.6617,0.6610,0.6613,253
2020.02.25,08:00,0.6614,0.6622,0.6612,0.6622,259
2020.02.25,09:00,0.6621,0.6622,0.6609,0.6612,288
2020.02.25,10:00,0.6611,0.6621,0.6608,0.6611,273
2020.02.25,11:00,0.6610,0.6614,0.6597,0.6599,298
2020.02.25,12:00,0.6598,0.6605,0.6597,0.6603,264
2020.02.25,13:00,0.6602,0.6603,0.6594,0.6600,274
2020.02.25,14:00,0.6599,0.6604,0.6593,0.6595,255
2020.02.25,15:00,0.6594,0.6599,0.6590,0.6592,261
2020.02.25,16:00,0.6591,0.6598,0.6588,0.6597,293
2020.02.25,17:00,0.6596,0.6608,0.6594,0.6608,363
2020.02.25,18:00,0.6607,0.6611,0.6597,0.6599,297
2020.02.25,19:00,0.6600,0.6607,0.6599,0.6607,280
2020.02.25,20:00,0.6606,0.6607,0.6599,0.6604,274
2020.02.25,21:00,0.6603,0.6606,0.6598,0.6603,325
2020.02.25,22:00,0.6602,0.6605,0.6596,0.6600,309
2020.02.25,23:00,0.6599,0.6606,0.6599,0.6605,186
2020.02.26,00:00,0.6604,0.6606,0.6602,0.6602,253
2020.02.26,01:00,0.6601,0.6609,0.6597,0.6606,276
2020.02.26,02:00,0.6607,0.6608,0.6594,0.6594,306
2020.02.26,03:00,0.6595,0.6600,0.6591,0.6595,343
2020.02.26,04:00,0.6594,0.6610,0.6594,0.6603,316
2020.02.26,05:00,0.6602,0.6606,0.6599,0.6605,246
2020.02.26,06:00,0.6604,0.6605,0.6593,0.6597,216
2020.02.26,07:00,0.6596,0.6598,0.6591,0.6592,247
2020.02.26,08:00,0.6593,0.6593,0.6572,0.6581,357
2020.02.26,09:00,0.6580,0.6582,0.6575,0.6578,253
2020.02.26,10:00,0.6577,0.6583,0.6575,0.6578,302
2020.02.26,11:00,0.6577,0.6582,0.6573,0.6578,350
2020.02.26,12:00,0.6579,0.6582,0.6567,0.6572,320
2020.02.26,13:00,0.6571,0.6575,0.6569,0.6571,265
2020.02.26,14:00,0.6570,0.6579,0.6568,0.6570,365
2020.02.26,15:00,0.6569,0.6574,0.6564,0.6566,320
2020.02.26,16:00,0.6565,0.6580,0.6565,0.6572,330
2020.02.26,17:00,0.6571,0.6575,0.6555,0.6557,328
2020.02.26,18:00,0.6556,0.6565,0.6554,0.6558,333
2020.02.26,19:00,0.6559,0.6560,0.6555,0.6557,291
2020.02.26,20:00,0.6556,0.6558,0.6554,0.6555,290
2020.02.26,21:00,0.6554,0.6562,0.6553,0.6559,278
2020.02.26,22:00,0.6558,0.6561,0.6554,0.6556,313
2020.02.26,23:00,0.6555,0.6556,0.6544,0.6546,211
2020.02.27,00:00,0.6547,0.6552,0.6544,0.6550,188
2020.02.27,01:00,0.6551,0.6552,0.6546,0.6549,296
2020.02.27,02:00,0.6550,0.6558,0.6546,0.6555,396
2020.02.27,03:00,0.6554,0.6559,0.6548,0.6550,395
2020.02.27,04:00,0.6551,0.6563,0.6549,0.6560,320
2020.02.27,05:00,0.6559,0.6564,0.6557,0.6560,310
2020.02.27,06:00,0.6561,0.6561,0.6554,0.6554,266
2020.02.27,07:00,0.6555,0.6564,0.6554,0.6557,319
2020.02.27,08:00,0.6556,0.6560,0.6547,0.6559,304
2020.02.27,09:00,0.6560,0.6567,0.6556,0.6565,338
2020.02.27,10:00,0.6566,0.6580,0.6563,0.6579,332
2020.02.27,11:00,0.6578,0.6580,0.6570,0.6575,296
2020.02.27,12:00,0.6574,0.6583,0.6573,0.6575,274
2020.02.27,13:00,0.6576,0.6577,0.6568,0.6577,294
2020.02.27,14:00,0.6576,0.6584,0.6573,0.6580,307
2020.02.27,15:00,0.6579,0.6583,0.6575,0.6579,321
2020.02.27,16:00,0.6578,0.6587,0.6574,0.6581,388
2020.02.27,17:00,0.6582,0.6594,0.6577,0.6579,420
2020.02.27,18:00,0.6578,0.6588,0.6575,0.6584,383
2020.02.27,19:00,0.6583,0.6585,0.6578,0.6584,372
2020.02.27,20:00,0.6583,0.6588,0.6582,0.6586,366
2020.02.27,21:00,0.6585,0.6592,0.6584,0.6586,276
2020.02.27,22:00,0.6587,0.6588,0.6582,0.6583,295
2020.02.27,23:00,0.6582,0.6586,0.6568,0.6570,267
2020.02.28,00:00,0.6571,0.6577,0.6564,0.6576,266
2020.02.28,01:00,0.6577,0.6586,0.6577,0.6583,341
2020.02.28,02:00,0.6582,0.6588,0.6575,0.6580,353
2020.02.28,03:00,0.6581,0.6581,0.6559,0.6562,340
2020.02.28,04:00,0.6563,0.6567,0.6553,0.6553,335
2020.02.28,05:00,0.6554,0.6554,0.6531,0.6539,420
2020.02.28,06:00,0.6540,0.6541,0.6525,0.6527,386
2020.02.28,07:00,0.6526,0.6528,0.6518,0.6525,336
2020.02.28,08:00,0.6526,0.6527,0.6519,0.6527,354
2020.02.28,09:00,0.6528,0.6539,0.6527,0.6532,379
2020.02.28,10:00,0.6531,0.6548,0.6530,0.6539,499
2020.02.28,11:00,0.6538,0.6539,0.6526,0.6530,511
2020.02.28,12:00,0.6529,0.6533,0.6513,0.6515,400
2020.02.28,13:00,0.6514,0.6516,0.6501,0.6503,372
2020.02.28,14:00,0.6504,0.6512,0.6496,0.6508,375
2020.02.28,15:00,0.6507,0.6511,0.6503,0.6505,333
2020.02.28,16:00,0.6506,0.6514,0.6498,0.6513,422
2020.02.28,17:00,0.6512,0.6513,0.6437,0.6460,613
2020.02.28,18:00,0.6461,0.6506,0.6444,0.6497,697
2020.02.28,19:00,0.6496,0.6501,0.6487,0.6493,432
2020.02.28,20:00,0.6492,0.6494,0.6482,0.6488,359
2020.02.28,21:00,0.6489,0.6529,0.6481,0.6525,708
2020.02.28,22:00,0.6524,0.6536,0.6512,0.6517,478
2020.02.28,23:00,0.6516,0.6518,0.6504,0.6513,282
2020.03.02,00:00,0.6505,0.6505,0.6466,0.6481,332
2020.03.02,01:00,0.6482,0.6528,0.6482,0.6516,462
2020.03.02,02:00,0.6515,0.6519,0.6492,0.6506,396
2020.03.02,03:00,0.6507,0.6531,0.6507,0.6519,399
2020.03.02,04:00,0.6518,0.6549,0.6518,0.6539,400
2020.03.02,05:00,0.6538,0.6541,0.6525,0.6528,301
2020.03.02,06:00,0.6529,0.6529,0.6522,0.6524,262
2020.03.02,07:00,0.6523,0.6525,0.6515,0.6524,276
2020.03.02,08:00,0.6523,0.6534,0.6523,0.6527,305
2020.03.02,09:00,0.6526,0.6549,0.6526,0.6544,369
2020.03.02,10:00,0.6543,0.6571,0.6540,0.6559,467
2020.03.02,11:00,0.6560,0.6561,0.6545,0.6551,404
2020.03.02,12:00,0.6550,0.6562,0.6544,0.6545,334
2020.03.02,13:00,0.6544,0.6548,0.6528,0.6532,377
2020.03.02,14:00,0.6533,0.6551,0.6532,0.6547,411
2020.03.02,15:00,0.6548,0.6555,0.6538,0.6546,437
2020.03.02,16:00,0.6547,0.6554,0.6538,0.6545,495
2020.03.02,17:00,0.6546,0.6552,0.6517,0.6520,483
2020.03.02,18:00,0.6521,0.6537,0.6514,0.6526,576
2020.03.02,19:00,0.6527,0.6536,0.6524,0.6536,330
2020.03.02,20:00,0.6535,0.6540,0.6532,0.6536,308
2020.03.02,21:00,0.6535,0.6538,0.6531,0.6534,300
2020.03.02,22:00,0.6533,0.6538,0.6523,0.6529,353
2020.03.02,23:00,0.6528,0.6549,0.6525,0.6539,279
2020.03.03,00:00,0.6540,0.6543,0.6531,0.6535,208
2020.03.03,01:00,0.6536,0.6552,0.6536,0.6552,330
2020.03.03,02:00,0.6551,0.6551,0.6533,0.6537,355
2020.03.03,03:00,0.6538,0.6544,0.6512,0.6516,445
2020.03.03,04:00,0.6515,0.6524,0.6515,0.6520,368
2020.03.03,05:00,0.6519,0.6569,0.6518,0.6553,688
2020.03.03,06:00,0.6552,0.6567,0.6546,0.6552,475
2020.03.03,07:00,0.6553,0.6558,0.6542,0.6544,323
2020.03.03,08:00,0.6543,0.6550,0.6541,0.6547,301
2020.03.03,09:00,0.6548,0.6558,0.6545,0.6553,326
2020.03.03,10:00,0.6552,0.6567,0.6550,0.6553,356
2020.03.03,11:00,0.6552,0.6566,0.6549,0.6564,299
2020.03.03,12:00,0.6563,0.6570,0.6560,0.6567,267
2020.03.03,13:00,0.6566,0.6570,0.6557,0.6570,295
2020.03.03,14:00,0.6569,0.6577,0.6562,0.6571,347
2020.03.03,15:00,0.6570,0.6577,0.6564,0.6575,386
2020.03.03,16:00,0.6574,0.6587,0.6573,0.6587,344
2020.03.03,17:00,0.6588,0.6648,0.6588,0.6625,1277
2020.03.03,18:00,0.6626,0.6628,0.6593,0.6619,692
2020.03.03,19:00,0.6618,0.6619,0.6607,0.6612,413
2020.03.03,20:00,0.6611,0.6615,0.6598,0.6599,331
2020.03.03,21:00,0.6598,0.6604,0.6593,0.6600,469
2020.03.03,22:00,0.6599,0.6605,0.6595,0.6599,383
2020.03.03,23:00,0.6600,0.6601,0.6583,0.6585,223
2020.03.04,00:00,0.6584,0.6591,0.6581,0.6586,163
2020.03.04,01:00,0.6587,0.6591,0.6579,0.6586,345
2020.03.04,02:00,0.6585,0.6612,0.6585,0.6606,422
2020.03.04,03:00,0.6607,0.6616,0.6593,0.6596,475
2020.03.04,04:00,0.6595,0.6618,0.6594,0.6612,316
2020.03.04,05:00,0.6611,0.6612,0.6604,0.6608,270
2020.03.04,06:00,0.6607,0.6608,0.6595,0.6597,259
2020.03.04,07:00,0.6596,0.6604,0.6595,0.6600,243
2020.03.04,08:00,0.6599,0.6605,0.6593,0.6601,263
2020.03.04,09:00,0.6600,0.6611,0.6599,0.6606,335
2020.03.04,10:00,0.6607,0.6612,0.6600,0.6610,316
2020.03.04,11:00,0.6609,0.6618,0.6606,0.6615,327
2020.03.04,12:00,0.6614,0.6627,0.6613,0.6616,324
2020.03.04,13:00,0.6615,0.6630,0.6613,0.6625,283
2020.03.04,14:00,0.6624,0.6630,0.6620,0.6624,295
2020.03.04,15:00,0.6625,0.6629,0.6616,0.6618,316
2020.03.04,16:00,0.6617,0.6626,0.6610,0.6618,384
2020.03.04,17:00,0.6617,0.6626,0.6610,0.6624,454
2020.03.04,18:00,0.6623,0.6626,0.6606,0.6610,366
2020.03.04,19:00,0.6611,0.6616,0.6608,0.6612,328
2020.03.04,20:00,0.6613,0.6619,0.6611,0.6617,273
2020.03.04,21:00,0.6618,0.6620,0.6615,0.6616,293
2020.03.04,22:00,0.6617,0.6627,0.6615,0.6625,279
2020.03.04,23:00,0.6624,0.6629,0.6621,0.6628,231
2020.03.05,00:00,0.6627,0.6629,0.6621,0.6624,204
2020.03.05,01:00,0.6623,0.6632,0.6619,0.6631,239
2020.03.05,02:00,0.6630,0.6630,0.6618,0.6624,277
2020.03.05,03:00,0.6623,0.6624,0.6610,0.6618,286
2020.03.05,04:00,0.6619,0.6626,0.6613,0.6626,250
2020.03.05,05:00,0.6625,0.6628,0.6622,0.6622,204
2020.03.05,06:00,0.6621,0.6628,0.6619,0.6622,188
2020.03.05,07:00,0.6623,0.6630,0.6621,0.6628,214
2020.03.05,08:00,0.6627,0.6636,0.6627,0.6628,208
2020.03.05,09:00,0.6629,0.6637,0.6627,0.6631,247
2020.03.05,10:00,0.6630,0.6631,0.6625,0.6626,259
2020.03.05,11:00,0.6625,0.6637,0.6624,0.6637,261
2020.03.05,12:00,0.6636,0.6639,0.6624,0.6628,283
2020.03.05,13:00,0.6627,0.6629,0.6619,0.6621,283
2020.03.05,14:00,0.6620,0.6625,0.6615,0.6617,290
2020.03.05,15:00,0.6616,0.6622,0.6600,0.6601,352
2020.03.05,16:00,0.6602,0.6604,0.6587,0.6604,329
2020.03.05,17:00,0.6605,0.6610,0.6594,0.6607,345
2020.03.05,18:00,0.6606,0.6610,0.6597,0.6602,299
2020.03.05,19:00,0.6603,0.6604,0.6590,0.6596,296
2020.03.05,20:00,0.6595,0.6601,0.6594,0.6597,287
2020.03.05,21:00,0.6598,0.6598,0.6590,0.6596,253
2020.03.05,22:00,0.6595,0.6606,0.6591,0.6605,309
2020.03.05,23:00,0.6604,0.6621,0.6600,0.6616,272
2020.03.06,00:00,0.6615,0.6617,0.6611,0.6616,202
2020.03.06,01:00,0.6615,0.6621,0.6613,0.6619,265
2020.03.06,02:00,0.6618,0.6626,0.6609,0.6613,333
2020.03.06,03:00,0.6612,0.6613,0.6603,0.6609,360
2020.03.06,04:00,0.6608,0.6609,0.6588,0.6591,308
2020.03.06,05:00,0.6590,0.6602,0.6587,0.6598,265
2020.03.06,06:00,0.6597,0.6606,0.6597,0.6603,239
2020.03.06,07:00,0.6602,0.6605,0.6595,0.6599,210
2020.03.06,08:00,0.6598,0.6621,0.6597,0.6616,293
2020.03.06,09:00,0.6615,0.6627,0.6613,0.6626,296
2020.03.06,10:00,0.6625,0.6647,0.6622,0.6642,339
2020.03.06,11:00,0.6641,0.6652,0.6635,0.6640,316
2020.03.06,12:00,0.6639,0.6651,0.6633,0.6645,371
2020.03.06,13:00,0.6644,0.6660,0.6642,0.6649,338
2020.03.06,14:00,0.6650,0.6651,0.6632,0.6632,319
2020.03.06,15:00,0.6631,0.6637,0.6626,0.6634,460
2020.03.06,16:00,0.6633,0.6645,0.6629,0.6642,430
2020.03.06,17:00,0.6641,0.6649,0.6630,0.6632,528
2020.03.06,18:00,0.6631,0.6642,0.6631,0.6637,336
2020.03.06,19:00,0.6636,0.6640,0.6627,0.6635,278
2020.03.06,20:00,0.6634,0.6637,0.6629,0.6631,298
2020.03.06,21:00,0.6632,0.6642,0.6629,0.6642,275
2020.03.06,22:00,0.6641,0.6647,0.6637,0.6641,321
2020.03.06,23:00,0.6640,0.6650,0.6636,0.6640,225
2020.03.09,00:00,0.6600,0.6626,0.6600,0.6611,603
2020.03.09,01:00,0.6612,0.6622,0.6605,0.6615,575
2020.03.09,02:00,0.6616,0.6628,0.6612,0.6613,404
2020.03.09,03:00,0.6614,0.6616,0.6311,0.6474,1950
2020.03.09,04:00,0.6473,0.6579,0.6456,0.6549,2379
2020.03.09,05:00,0.6550,0.6565,0.6501,0.6524,985
2020.03.09,06:00,0.6523,0.6547,0.6510,0.6534,658
2020.03.09,07:00,0.6535,0.6562,0.6525,0.6540,652
2020.03.09,08:00,0.6541,0.6555,0.6536,0.6545,431
2020.03.09,09:00,0.6544,0.6568,0.6537,0.6550,635
2020.03.09,10:00,0.6551,0.6601,0.6541,0.6595,511
2020.03.09,11:00,0.6594,0.6613,0.6584,0.6591,628
2020.03.09,12:00,0.6590,0.6615,0.6586,0.6609,414
2020.03.09,13:00,0.6610,0.6612,0.6590,0.6604,431
2020.03.09,14:00,0.6603,0.6620,0.6599,0.6618,394
2020.03.09,15:00,0.6617,0.6635,0.6592,0.6609,875
2020.03.09,16:00,0.6610,0.6688,0.6608,0.6665,876
2020.03.09,17:00,0.6666,0.6687,0.6657,0.6658,675
2020.03.09,18:00,0.6657,0.6660,0.6610,0.6622,696
2020.03.09,19:00,0.6623,0.6626,0.6602,0.6607,424
2020.03.09,20:00,0.6608,0.6611,0.6582,0.6598,684
2020.03.09,21:00,0.6599,0.6607,0.6595,0.6596,480
2020.03.09,22:00,0.6595,0.6599,0.6585,0.6587,339
2020.03.09,23:00,0.6588,0.6593,0.6582,0.6590,169
2020.03.10,00:00,0.6591,0.6616,0.6591,0.6610,412
2020.03.10,01:00,0.6609,0.6611,0.6593,0.6600,408
2020.03.10,02:00,0.6601,0.6607,0.6577,0.6585,615
2020.03.10,03:00,0.6586,0.6602,0.6565,0.6569,748
2020.03.10,04:00,0.6570,0.6571,0.6552,0.6567,418
2020.03.10,05:00,0.6566,0.6584,0.6562,0.6581,400
2020.03.10,06:00,0.6580,0.6592,0.6566,0.6569,364
2020.03.10,07:00,0.6570,0.6571,0.6549,0.6552,503
2020.03.10,08:00,0.6551,0.6558,0.6547,0.6552,389
2020.03.10,09:00,0.6553,0.6564,0.6546,0.6560,482
2020.03.10,10:00,0.6561,0.6582,0.6559,0.6574,446
2020.03.10,11:00,0.6573,0.6583,0.6567,0.6577,409
2020.03.10,12:00,0.6576,0.6576,0.6553,0.6557,431
2020.03.10,13:00,0.6558,0.6570,0.6554,0.6560,379
2020.03.10,14:00,0.6559,0.6570,0.6551,0.6553,591
2020.03.10,15:00,0.6552,0.6567,0.6542,0.6545,538
2020.03.10,16:00,0.6544,0.6548,0.6522,0.6527,454
2020.03.10,17:00,0.6528,0.6538,0.6472,0.6472,599
2020.03.10,18:00,0.6473,0.6494,0.6465,0.6469,691
2020.03.10,19:00,0.6468,0.6488,0.6467,0.6485,414
2020.03.10,20:00,0.6484,0.6492,0.6477,0.6491,426
2020.03.10,21:00,0.6490,0.6499,0.6485,0.6487,398
2020.03.10,22:00,0.6486,0.6516,0.6484,0.6507,334
2020.03.10,23:00,0.6506,0.6510,0.6482,0.6495,251
2020.03.11,00:00,0.6494,0.6516,0.6494,0.6509,376
2020.03.11,01:00,0.6508,0.6510,0.6489,0.6497,331
2020.03.11,02:00,0.6496,0.6502,0.6491,0.6493,332
2020.03.11,03:00,0.6494,0.6513,0.6493,0.6508,436
2020.03.11,04:00,0.6507,0.6517,0.6506,0.6509,281
2020.03.11,05:00,0.6508,0.6521,0.6502,0.6517,368
2020.03.11,06:00,0.6516,0.6517,0.6506,0.6513,308
2020.03.11,07:00,0.6512,0.6512,0.6499,0.6501,392
2020.03.11,08:00,0.6502,0.6515,0.6501,0.6508,371
2020.03.11,09:00,0.6509,0.6527,0.6497,0.6522,600
2020.03.11,10:00,0.6523,0.6538,0.6518,0.6526,458
2020.03.11,11:00,0.6525,0.6536,0.6523,0.6525,375
2020.03.11,12:00,0.6526,0.6531,0.6520,0.6530,367
2020.03.11,13:00,0.6529,0.6536,0.6523,0.6529,339
2020.03.11,14:00,0.6528,0.6542,0.6519,0.6522,521
2020.03.11,15:00,0.6521,0.6537,0.6514,0.6537,397
2020.03.11,16:00,0.6536,0.6539,0.6522,0.6532,447
2020.03.11,17:00,0.6531,0.6536,0.6501,0.6515,529
2020.03.11,18:00,0.6516,0.6522,0.6506,0.6512,431
2020.03.11,19:00,0.6513,0.6524,0.6511,0.6514,350
2020.03.11,20:00,0.6515,0.6519,0.6495,0.6501,385
2020.03.11,21:00,0.6500,0.6504,0.6488,0.6491,454
2020.03.11,22:00,0.6490,0.6496,0.6484,0.6486,281
2020.03.11,23:00,0.6485,0.6493,0.6484,0.6491,190
2020.03.12,00:00,0.6490,0.6495,0.6476,0.6484,282
2020.03.12,01:00,0.6483,0.6490,0.6473,0.6480,414
2020.03.12,02:00,0.6481,0.6484,0.6469,0.6473,427
2020.03.12,03:00,0.6474,0.6477,0.6454,0.6462,1023
2020.03.12,04:00,0.6461,0.6474,0.6458,0.6464,600
2020.03.12,05:00,0.6463,0.6472,0.6461,0.6461,433
2020.03.12,06:00,0.6462,0.6471,0.6457,0.6460,423
2020.03.12,07:00,0.6459,0.6464,0.6456,0.6464,394
2020.03.12,08:00,0.6463,0.6466,0.6438,0.6443,397
2020.03.12,09:00,0.6442,0.6458,0.6442,0.6456,485
2020.03.12,10:00,0.6455,0.6462,0.6437,0.6438,402
2020.03.12,11:00,0.6437,0.6438,0.6417,0.6418,385
2020.03.12,12:00,0.6419,0.6427,0.6400,0.6409,419
2020.03.12,13:00,0.6408,0.6410,0.6373,0.6387,486
2020.03.12,14:00,0.6386,0.6389,0.6350,0.6351,912
2020.03.12,15:00,0.6350,0.6367,0.6336,0.6357,929
2020.03.12,16:00,0.6358,0.6360,0.6323,0.6334,803
2020.03.12,17:00,0.6335,0.6335,0.6269,0.6281,1033
2020.03.12,18:00,0.6280,0.6369,0.6279,0.6356,1017
2020.03.12,19:00,0.6357,0.6388,0.6343,0.6359,1477
2020.03.12,20:00,0.6360,0.6365,0.6320,0.6326,1002
2020.03.12,21:00,0.6325,0.6331,0.6303,0.6303,663
2020.03.12,22:00,0.6302,0.6313,0.6216,0.6238,701
2020.03.12,23:00,0.6237,0.6318,0.6233,0.6306,783
2020.03.13,00:00,0.6305,0.6314,0.6265,0.6288,723
2020.03.13,01:00,0.6289,0.6295,0.6271,0.6277,531
2020.03.13,02:00,0.6278,0.6293,0.6267,0.6292,649
2020.03.13,03:00,0.6291,0.6328,0.6289,0.6308,584
2020.03.13,04:00,0.6307,0.6318,0.6298,0.6300,410
2020.03.13,05:00,0.6299,0.6305,0.6276,0.6293,497
2020.03.13,06:00,0.6292,0.6325,0.6283,0.6307,714
2020.03.13,07:00,0.6308,0.6326,0.6295,0.6298,577
2020.03.13,08:00,0.6299,0.6307,0.6286,0.6292,436
2020.03.13,09:00,0.6293,0.6307,0.6276,0.6287,730
2020.03.13,10:00,0.6288,0.6303,0.6279,0.6293,628
2020.03.13,11:00,0.6294,0.6316,0.6288,0.6305,434
2020.03.13,12:00,0.6306,0.6313,0.6299,0.6302,441
2020.03.13,13:00,0.6301,0.6312,0.6298,0.6306,446
2020.03.13,14:00,0.6307,0.6316,0.6286,0.6287,735
2020.03.13,15:00,0.6288,0.6304,0.6280,0.6290,647
2020.03.13,16:00,0.6289,0.6294,0.6272,0.6283,845
2020.03.13,17:00,0.6284,0.6288,0.6154,0.6162,1187
2020.03.13,18:00,0.6163,0.6177,0.6139,0.6155,1269
2020.03.13,19:00,0.6156,0.6174,0.6126,0.6174,929
2020.03.13,20:00,0.6173,0.6186,0.6144,0.6144,678
2020.03.13,21:00,0.6143,0.6245,0.6139,0.6231,754
2020.03.13,22:00,0.6230,0.6230,0.6172,0.6187,670
2020.03.16,00:00,0.6200,0.6285,0.6111,0.6169,1789
2020.03.16,01:00,0.6170,0.6222,0.6166,0.6182,777
2020.03.16,02:00,0.6181,0.6191,0.6152,0.6163,737
2020.03.16,03:00,0.6162,0.6168,0.6099,0.6131,1382
2020.03.16,04:00,0.6130,0.6153,0.6122,0.6142,931
2020.03.16,05:00,0.6141,0.6185,0.6138,0.6170,570
2020.03.16,06:00,0.6169,0.6186,0.6167,0.6178,481
2020.03.16,07:00,0.6177,0.6185,0.6158,0.6170,509
2020.03.16,08:00,0.6169,0.6170,0.6127,0.6127,548
2020.03.16,09:00,0.6128,0.6156,0.6127,0.6151,736
2020.03.16,10:00,0.6152,0.6187,0.6148,0.6179,664
2020.03.16,11:00,0.6178,0.6186,0.6160,0.6171,530
2020.03.16,12:00,0.6170,0.6184,0.6170,0.6176,447
2020.03.16,13:00,0.6177,0.6178,0.6162,0.6176,422
2020.03.16,14:00,0.6175,0.6179,0.6107,0.6117,970
2020.03.16,15:00,0.6118,0.6138,0.6082,0.6123,1256
2020.03.16,16:00,0.6122,0.6143,0.6108,0.6125,1082
2020.03.16,17:00,0.6126,0.6169,0.6120,0.6135,965
2020.03.16,18:00,0.6134,0.6153,0.6133,0.6145,865
2020.03.16,19:00,0.6144,0.6149,0.6128,0.6134,625
2020.03.16,20:00,0.6133,0.6144,0.6124,0.6125,611
2020.03.16,21:00,0.6126,0.6137,0.6115,0.6129,614
2020.03.16,22:00,0.6128,0.6128,0.6098,0.6120,426
2020.03.16,23:00,0.6119,0.6126,0.6092,0.6108,243
2020.03.17,00:00,0.6106,0.6129,0.6106,0.6126,416
2020.03.17,01:00,0.6125,0.6129,0.6101,0.6105,484
2020.03.17,02:00,0.6106,0.6119,0.6098,0.6117,436
2020.03.17,03:00,0.6118,0.6151,0.6118,0.6126,739
2020.03.17,04:00,0.6125,0.6137,0.6102,0.6121,575
2020.03.17,05:00,0.6120,0.6133,0.6110,0.6127,396
2020.03.17,06:00,0.6126,0.6141,0.6117,0.6123,352
2020.03.17,07:00,0.6122,0.6126,0.6096,0.6098,347
2020.03.17,08:00,0.6099,0.6100,0.6068,0.6083,805
2020.03.17,09:00,0.6084,0.6100,0.6074,0.6087,598
2020.03.17,10:00,0.6086,0.6096,0.6066,0.6068,467
2020.03.17,11:00,0.6069,0.6073,0.6038,0.6043,723
2020.03.17,12:00,0.6044,0.6051,0.5996,0.6004,547
2020.03.17,13:00,0.6005,0.6023,0.6000,0.6006,622
2020.03.17,14:00,0.6005,0.6013,0.5985,0.6007,647
2020.03.17,15:00,0.6006,0.6040,0.6000,0.6001,642
2020.03.17,16:00,0.6002,0.6027,0.5985,0.5992,923
2020.03.17,17:00,0.5991,0.6018,0.5962,0.5980,986
2020.03.17,18:00,0.5979,0.5999,0.5962,0.5968,665
2020.03.17,19:00,0.5969,0.5999,0.5966,0.5999,499
2020.03.17,20:00,0.5998,0.6011,0.5988,0.5995,535
2020.03.17,21:00,0.5996,0.5996,0.5968,0.5996,575
2020.03.17,22:00,0.5995,0.6004,0.5989,0.6001,306
2020.03.17,23:00,0.6000,0.6027,0.5996,0.6016,461
2020.03.18,00:00,0.6015,0.6024,0.5986,0.5989,552
2020.03.18,01:00,0.5990,0.6001,0.5984,0.5992,623
2020.03.18,02:00,0.5991,0.6007,0.5988,0.5997,426
2020.03.18,03:00,0.5998,0.6014,0.5986,0.6009,488
2020.03.18,04:00,0.6010,0.6022,0.6004,0.6015,412
2020.03.18,05:00,0.6014,0.6025,0.6011,0.6022,345
2020.03.18,06:00,0.6021,0.6025,0.6015,0.6019,317
2020.03.18,07:00,0.6018,0.6030,0.6013,0.6015,369
2020.03.18,08:00,0.6014,0.6015,0.5987,0.5994,367
2020.03.18,09:00,0.5995,0.6007,0.5967,0.5972,580
2020.03.18,10:00,0.5971,0.5976,0.5923,0.5932,768
2020.03.18,11:00,0.5933,0.5959,0.5931,0.5957,759
2020.03.18,12:00,0.5956,0.5967,0.5927,0.5932,643
2020.03.18,13:00,0.5933,0.5939,0.5914,0.5917,596
2020.03.18,14:00,0.5916,0.5917,0.5896,0.5898,573
2020.03.18,15:00,0.5899,0.5900,0.5870,0.5883,765
2020.03.18,16:00,0.5882,0.5905,0.5861,0.5862,1005
2020.03.18,17:00,0.5863,0.5870,0.5816,0.5824,1236
2020.03.18,18:00,0.5823,0.5839,0.5783,0.5787,923
2020.03.18,19:00,0.5786,0.5794,0.5705,0.5789,1496
2020.03.18,20:00,0.5790,0.5795,0.5747,0.5785,1014
2020.03.18,21:00,0.5784,0.5807,0.5769,0.5802,983
2020.03.18,22:00,0.5801,0.5810,0.5766,0.5773,468
2020.03.18,23:00,0.5772,0.5788,0.5763,0.5788,234
2020.03.19,00:00,0.5787,0.5802,0.5772,0.5795,494
2020.03.19,01:00,0.5796,0.5819,0.5762,0.5794,990
2020.03.19,02:00,0.5793,0.5806,0.5719,0.5720,1236
2020.03.19,03:00,0.5721,0.5728,0.5513,0.5572,1661
2020.03.19,04:00,0.5571,0.5614,0.5525,0.5556,2358
2020.03.19,05:00,0.5555,0.5637,0.5517,0.5562,2083
2020.03.19,06:00,0.5563,0.5600,0.5562,0.5573,654
2020.03.19,07:00,0.5574,0.5619,0.5564,0.5614,677
2020.03.19,08:00,0.5615,0.5798,0.5610,0.5777,1420
2020.03.19,09:00,0.5776,0.5777,0.5643,0.5672,1922
2020.03.19,10:00,0.5671,0.5752,0.5665,0.5714,1469
2020.03.19,11:00,0.5713,0.5744,0.5694,0.5732,992
2020.03.19,12:00,0.5731,0.5733,0.5711,0.5723,487
2020.03.19,13:00,0.5722,0.5764,0.5709,0.5750,752
2020.03.19,14:00,0.5749,0.5768,0.5710,0.5752,1112
2020.03.19,15:00,0.5753,0.5850,0.5753,0.5819,1850
2020.03.19,16:00,0.5820,0.5879,0.5817,0.5866,1531
2020.03.19,17:00,0.5865,0.5967,0.5848,0.5855,1767
2020.03.19,18:00,0.5856,0.5889,0.5850,0.5856,1465
2020.03.19,19:00,0.5857,0.5858,0.5800,0.5809,1155
2020.03.19,20:00,0.5810,0.5814,0.5759,0.5776,989
2020.03.19,21:00,0.5775,0.5778,0.5741,0.5755,769
2020.03.19,22:00,0.5754,0.5769,0.5739,0.5743,460
2020.03.19,23:00,0.5744,0.5746,0.5725,0.5738,238
2020.03.20,00:00,0.5737,0.5748,0.5667,0.5671,634
2020.03.20,01:00,0.5672,0.5765,0.5672,0.5746,901
2020.03.20,02:00,0.5747,0.5807,0.5712,0.5792,1086
2020.03.20,03:00,0.5793,0.5875,0.5786,0.5836,869
2020.03.20,04:00,0.5835,0.5914,0.5825,0.5866,1004
2020.03.20,05:00,0.5865,0.5871,0.5818,0.5870,931
2020.03.20,06:00,0.5871,0.5880,0.5839,0.5855,695
2020.03.20,07:00,0.5854,0.5874,0.5849,0.5854,461
2020.03.20,08:00,0.5853,0.5952,0.5850,0.5924,998
2020.03.20,09:00,0.5925,0.5988,0.5917,0.5962,1547
2020.03.20,10:00,0.5963,0.5968,0.5928,0.5948,1342
2020.03.20,11:00,0.5949,0.5949,0.5909,0.5913,825
2020.03.20,12:00,0.5912,0.5948,0.5906,0.5931,776
2020.03.20,13:00,0.5930,0.5930,0.5888,0.5893,695
2020.03.20,14:00,0.5892,0.5923,0.5860,0.5865,902
2020.03.20,15:00,0.5864,0.5896,0.5828,0.5831,778
2020.03.20,16:00,0.5830,0.5897,0.5830,0.5883,1428
2020.03.20,17:00,0.5882,0.5899,0.5803,0.5843,1404
2020.03.20,18:00,0.5842,0.5855,0.5784,0.5815,1261
2020.03.20,19:00,0.5814,0.5842,0.5810,0.5837,819
2020.03.20,20:00,0.5836,0.5839,0.5806,0.5808,686
2020.03.20,21:00,0.5809,0.5811,0.5781,0.5803,763
2020.03.20,22:00,0.5802,0.5814,0.5750,0.5806,630
2020.03.23,00:00,0.5807,0.5809,0.5708,0.5719,1494
2020.03.23,01:00,0.5720,0.5781,0.5710,0.5757,1861
2020.03.23,02:00,0.5756,0.5783,0.5722,0.5725,1623
2020.03.23,03:00,0.5726,0.5756,0.5703,0.5752,1682
2020.03.23,04:00,0.5753,0.5771,0.5734,0.5759,1483
2020.03.23,05:00,0.5760,0.5773,0.5743,0.5758,1060
2020.03.23,06:00,0.5759,0.5778,0.5755,0.5765,673
2020.03.23,07:00,0.5766,0.5781,0.5749,0.5773,780
2020.03.23,08:00,0.5772,0.5811,0.5752,0.5781,1029
2020.03.23,09:00,0.5782,0.5790,0.5758,0.5788,1041
2020.03.23,10:00,0.5787,0.5798,0.5759,0.5763,1051
2020.03.23,11:00,0.5762,0.5773,0.5740,0.5753,906
2020.03.23,12:00,0.5754,0.5757,0.5730,0.5734,847
2020.03.23,13:00,0.5735,0.5744,0.5725,0.5726,726
2020.03.23,14:00,0.5725,0.5848,0.5725,0.5824,1904
2020.03.23,15:00,0.5823,0.5841,0.5776,0.5831,1416
2020.03.23,16:00,0.5830,0.5840,0.5808,0.5820,1270
2020.03.23,17:00,0.5819,0.5830,0.5741,0.5756,1422
2020.03.23,18:00,0.5755,0.5798,0.5755,0.5797,1183
2020.03.23,19:00,0.5798,0.5814,0.5782,0.5803,934
2020.03.23,20:00,0.5802,0.5807,0.5785,0.5795,732
2020.03.23,21:00,0.5796,0.5797,0.5781,0.5794,629
2020.03.23,22:00,0.5793,0.5841,0.5790,0.5841,413
2020.03.23,23:00,0.5840,0.5840,0.5824,0.5826,160
2020.03.24,00:00,0.5825,0.5846,0.5815,0.5846,656
2020.03.24,01:00,0.5847,0.5888,0.5830,0.5878,1461
2020.03.24,02:00,0.5879,0.5906,0.5870,0.5903,951
2020.03.24,03:00,0.5904,0.5936,0.5904,0.5920,861
2020.03.24,04:00,0.5919,0.5948,0.5917,0.5945,855
2020.03.24,05:00,0.5946,0.5947,0.5923,0.5925,822
2020.03.24,06:00,0.5926,0.5937,0.5906,0.5915,584
2020.03.24,07:00,0.5916,0.5924,0.5890,0.5907,836
2020.03.24,08:00,0.5908,0.5978,0.5901,0.5959,1160
2020.03.24,09:00,0.5960,0.5972,0.5941,0.5950,865
2020.03.24,10:00,0.5949,0.5967,0.5938,0.5942,576
2020.03.24,11:00,0.5941,0.5969,0.5929,0.5957,517
2020.03.24,12:00,0.5956,0.5966,0.5940,0.5942,491
2020.03.24,13:00,0.5943,0.5945,0.5896,0.5899,733
2020.03.24,14:00,0.5898,0.5917,0.5868,0.5904,1074
2020.03.24,15:00,0.5903,0.5935,0.5889,0.5924,1020
2020.03.24,16:00,0.5923,0.5941,0.5915,0.5941,979
2020.03.24,17:00,0.5942,0.5967,0.5926,0.5929,902
2020.03.24,18:00,0.5928,0.5940,0.5924,0.5931,726
2020.03.24,19:00,0.5932,0.5934,0.5892,0.5900,547
2020.03.24,20:00,0.5901,0.5918,0.5896,0.5918,524
2020.03.24,21:00,0.5917,0.5933,0.5907,0.5933,553
2020.03.24,22:00,0.5932,0.5960,0.5931,0.5959,517
2020.03.24,23:00,0.5958,0.5985,0.5956,0.5971,311
2020.03.25,00:00,0.5972,0.5993,0.5952,0.5980,627
2020.03.25,01:00,0.5981,0.5988,0.5969,0.5972,446
2020.03.25,02:00,0.5971,0.5971,0.5938,0.5962,734
2020.03.25,03:00,0.5963,0.5978,0.5954,0.5976,726
2020.03.25,04:00,0.5975,0.5988,0.5964,0.5986,546
2020.03.25,05:00,0.5985,0.5988,0.5973,0.5983,455
2020.03.25,06:00,0.5984,0.6011,0.5976,0.6009,624
2020.03.25,07:00,0.6008,0.6047,0.5997,0.6039,950
2020.03.25,08:00,0.6040,0.6050,0.6029,0.6044,585
2020.03.25,09:00,0.6043,0.6048,0.6025,0.6043,685
2020.03.25,10:00,0.6044,0.6076,0.6026,0.6065,864
2020.03.25,11:00,0.6064,0.6072,0.6053,0.6055,576
2020.03.25,12:00,0.6054,0.6054,0.5995,0.5996,571
2020.03.25,13:00,0.5995,0.6021,0.5995,0.6009,791
2020.03.25,14:00,0.6010,0.6029,0.6000,0.6014,659
2020.03.25,15:00,0.6015,0.6028,0.5982,0.5985,905
2020.03.25,16:00,0.5984,0.5986,0.5957,0.5962,963
2020.03.25,17:00,0.5961,0.5965,0.5933,0.5957,1004
2020.03.25,18:00,0.5956,0.5981,0.5955,0.5966,835
2020.03.25,19:00,0.5965,0.5980,0.5963,0.5970,620
2020.03.25,20:00,0.5971,0.5972,0.5956,0.5964,546
2020.03.25,21:00,0.5963,0.5966,0.5955,0.5966,474
2020.03.25,22:00,0.5965,0.5965,0.5957,0.5961,279
2020.03.25,23:00,0.5960,0.5962,0.5953,0.5959,166
2020.03.26,00:00,0.5960,0.5962,0.5897,0.5901,598
2020.03.26,01:00,0.5902,0.5923,0.5896,0.5905,723
2020.03.26,02:00,0.5906,0.5914,0.5895,0.5899,840
2020.03.26,03:00,0.5898,0.5898,0.5874,0.5880,663
2020.03.26,04:00,0.5879,0.5904,0.5872,0.5903,399
2020.03.26,05:00,0.5904,0.5922,0.5896,0.5919,518
2020.03.26,06:00,0.5920,0.5938,0.5917,0.5935,359
2020.03.26,07:00,0.5934,0.5937,0.5909,0.5919,396
2020.03.26,08:00,0.5918,0.5933,0.5913,0.5922,365
2020.03.26,09:00,0.5923,0.5951,0.5922,0.5949,607
2020.03.26,10:00,0.5948,0.5962,0.5945,0.5957,780
2020.03.26,11:00,0.5956,0.5981,0.5956,0.5972,563
2020.03.26,12:00,0.5971,0.5983,0.5966,0.5976,468
2020.03.26,13:00,0.5975,0.6027,0.5975,0.5999,681
2020.03.26,14:00,0.6000,0.6031,0.5983,0.6029,1056
2020.03.26,15:00,0.6028,0.6059,0.6019,0.6041,1372
2020.03.26,16:00,0.6042,0.6053,0.6013,0.6032,955
2020.03.26,17:00,0.6033,0.6070,0.6027,0.6053,864
2020.03.26,18:00,0.6054,0.6074,0.6045,0.6072,711
2020.03.26,19:00,0.6071,0.6072,0.6043,0.6050,538
2020.03.26,20:00,0.6051,0.6087,0.6046,0.6082,504
2020.03.26,21:00,0.6083,0.6090,0.6059,0.6070,648
2020.03.26,22:00,0.6069,0.6075,0.6054,0.6064,325
2020.03.26,23:00,0.6065,0.6066,0.6041,0.6044,227
2020.03.27,00:00,0.6045,0.6056,0.6037,0.6039,350
2020.03.27,01:00,0.6040,0.6086,0.6040,0.6081,540
2020.03.27,02:00,0.6080,0.6080,0.6055,0.6059,558
2020.03.27,03:00,0.6058,0.6112,0.6046,0.6089,869
2020.03.27,04:00,0.6088,0.6108,0.6081,0.6108,601
2020.03.27,05:00,0.6109,0.6129,0.6108,0.6116,724
2020.03.27,06:00,0.6117,0.6117,0.6095,0.6105,625
2020.03.27,07:00,0.6106,0.6128,0.6098,0.6126,587
2020.03.27,08:00,0.6125,0.6128,0.6074,0.6092,766
2020.03.27,09:00,0.6091,0.6096,0.6051,0.6071,871
2020.03.27,10:00,0.6070,0.6097,0.6061,0.6067,942
2020.03.27,11:00,0.6066,0.6082,0.6055,0.6066,887
2020.03.27,12:00,0.6067,0.6098,0.6063,0.6089,785
2020.03.27,13:00,0.6088,0.6097,0.6061,0.6061,602
2020.03.27,14:00,0.6062,0.6075,0.6026,0.6027,552
2020.03.27,15:00,0.6028,0.6067,0.6026,0.6064,945
2020.03.27,16:00,0.6063,0.6081,0.6055,0.6069,787
2020.03.27,17:00,0.6070,0.6137,0.6061,0.6128,985
2020.03.27,18:00,0.6127,0.6160,0.6114,0.6149,853
2020.03.27,19:00,0.6148,0.6187,0.6139,0.6181,616
2020.03.27,20:00,0.6182,0.6196,0.6163,0.6194,593
2020.03.27,21:00,0.6193,0.6203,0.6168,0.6173,663
2020.03.27,22:00,0.6174,0.6184,0.6163,0.6176,373
2020.03.30,00:00,0.6159,0.6162,0.6149,0.6156,159
2020.03.30,01:00,0.6155,0.6157,0.6116,0.6133,731
2020.03.30,02:00,0.6134,0.6186,0.6129,0.6177,599
2020.03.30,03:00,0.6178,0.6187,0.6132,0.6150,945
2020.03.30,04:00,0.6151,0.6167,0.6133,0.6153,811
2020.03.30,05:00,0.6152,0.6155,0.6131,0.6147,586
2020.03.30,06:00,0.6146,0.6150,0.6129,0.6140,423
2020.03.30,07:00,0.6141,0.6156,0.6132,0.6152,490
2020.03.30,08:00,0.6151,0.6169,0.6142,0.6168,596
2020.03.30,09:00,0.6169,0.6173,0.6127,0.6132,1008
2020.03.30,10:00,0.6133,0.6144,0.6116,0.6138,1012
2020.03.30,11:00,0.6139,0.6162,0.6134,0.6155,749
2020.03.30,12:00,0.6156,0.6165,0.6145,0.6147,542
2020.03.30,13:00,0.6148,0.6152,0.6138,0.6139,436
2020.03.30,14:00,0.6138,0.6147,0.6124,0.6129,510
2020.03.30,15:00,0.6130,0.6137,0.6115,0.6126,709
2020.03.30,16:00,0.6127,0.6176,0.6123,0.6150,1038
2020.03.30,17:00,0.6151,0.6174,0.6144,0.6159,1083
2020.03.30,18:00,0.6158,0.6169,0.6140,0.6146,755
2020.03.30,19:00,0.6147,0.6176,0.6143,0.6167,575
2020.03.30,20:00,0.6166,0.6168,0.6148,0.6151,413
2020.03.30,21:00,0.6150,0.6167,0.6149,0.6156,423
2020.03.30,22:00,0.6157,0.6178,0.6154,0.6172,524
2020.03.30,23:00,0.6171,0.6180,0.6165,0.6171,306
2020.03.31,00:00,0.6170,0.6173,0.6166,0.6169,147
2020.03.31,01:00,0.6168,0.6179,0.6162,0.6173,309
2020.03.31,02:00,0.6172,0.6175,0.6152,0.6168,435
2020.03.31,03:00,0.6169,0.6197,0.6081,0.6152,1206
2020.03.31,04:00,0.6153,0.6186,0.6147,0.6174,1218
2020.03.31,05:00,0.6175,0.6196,0.6160,0.6191,595
2020.03.31,06:00,0.6192,0.6204,0.6173,0.6177,616
2020.03.31,07:00,0.6176,0.6190,0.6172,0.6179,442
2020.03.31,08:00,0.6180,0.6216,0.6173,0.6210,523
2020.03.31,09:00,0.6211,0.6211,0.6179,0.6184,770
2020.03.31,10:00,0.6185,0.6185,0.6153,0.6169,933
2020.03.31,11:00,0.6168,0.6176,0.6147,0.6148,793
2020.03.31,12:00,0.6149,0.6154,0.6121,0.6124,622
2020.03.31,13:00,0.6125,0.6129,0.6091,0.6094,802
2020.03.31,14:00,0.6095,0.6113,0.6084,0.6107,729
2020.03.31,15:00,0.6106,0.6136,0.6088,0.6106,1002
2020.03.31,16:00,0.6105,0.6114,0.6092,0.6105,759
2020.03.31,17:00,0.6106,0.6134,0.6093,0.6124,1271
2020.03.31,18:00,0.6123,0.6154,0.6116,0.6141,1347
2020.03.31,19:00,0.6140,0.6143,0.6092,0.6104,939
2020.03.31,20:00,0.6103,0.6123,0.6085,0.6118,702
2020.03.31,21:00,0.6117,0.6149,0.6115,0.6146,834
2020.03.31,22:00,0.6145,0.6157,0.6124,0.6155,757
2020.03.31,23:00,0.6154,0.6160,0.6135,0.6135,369
