2019.02.19,04:00,0.71090,0.71203,0.71069,0.71160,0
2019.02.19,08:00,0.71160,0.71230,0.71032,0.71063,0
2019.02.19,12:00,0.71063,0.71427,0.71037,0.71416,0
2019.02.19,16:00,0.71416,0.71733,0.71386,0.71683,0
2019.02.19,20:00,0.71683,0.71716,0.71604,0.71669,0
2019.02.20,00:00,0.71669,0.71760,0.71515,0.71627,0
2019.02.20,04:00,0.71628,0.71672,0.71580,0.71638,0
2019.02.20,08:00,0.71637,0.71685,0.71487,0.71502,0
2019.02.20,12:00,0.71501,0.71718,0.71407,0.71656,0
2019.02.20,16:00,0.71656,0.71823,0.71568,0.71730,0
2019.02.20,20:00,0.71729,0.71729,0.71589,0.71680,0
2019.02.21,00:00,0.71681,0.72064,0.71409,0.71643,0
2019.02.21,04:00,0.71642,0.71675,0.70855,0.71108,0
2019.02.21,08:00,0.71109,0.71209,0.70980,0.71122,0
2019.02.21,12:00,0.71122,0.71167,0.70837,0.70899,0
2019.02.21,16:00,0.70901,0.70903,0.70701,0.70791,0
2019.02.21,20:00,0.70788,0.71132,0.70776,0.71075,0
2019.02.22,00:00,0.71077,0.71141,0.70825,0.70939,0
2019.02.22,04:00,0.70939,0.71170,0.70895,0.71166,0
2019.02.22,08:00,0.71166,0.71166,0.71003,0.71124,0
2019.02.22,12:00,0.71125,0.71404,0.71059,0.71342,0
2019.02.22,16:00,0.71343,0.71496,0.71288,0.71330,0
2019.02.22,20:00,0.71330,0.71359,0.71260,0.71264,0
2019.02.24,21:00,0.71324,0.71561,0.71302,0.71561,0
2019.02.25,00:00,0.71564,0.71612,0.71340,0.71433,0
2019.02.25,04:00,0.71432,0.71586,0.71411,0.71575,0
2019.02.25,08:00,0.71574,0.71805,0.71509,0.71738,0
2019.02.25,12:00,0.71738,0.71837,0.71663,0.71718,0
2019.02.25,16:00,0.71720,0.71806,0.71649,0.71749,0
2019.02.25,20:00,0.71750,0.71762,0.71661,0.71711,0
2019.02.26,00:00,0.71715,0.71726,0.71503,0.71600,0
2019.02.26,04:00,0.71600,0.71632,0.71530,0.71552,0
2019.02.26,08:00,0.71554,0.71574,0.71416,0.71484,0
2019.02.26,12:00,0.71482,0.71753,0.71447,0.71739,0
2019.02.26,16:00,0.71741,0.71942,0.71715,0.71925,0
2019.02.26,20:00,0.71926,0.71944,0.71804,0.71926,0
2019.02.27,00:00,0.71928,0.71953,0.71746,0.71822,0
2019.02.27,04:00,0.71822,0.71925,0.71763,0.71780,0
2019.02.27,08:00,0.71780,0.71798,0.71637,0.71685,0
2019.02.27,12:00,0.71684,0.71713,0.71271,0.71417,0
2019.02.27,16:00,0.71420,0.71429,0.71295,0.71396,0
2019.02.27,20:00,0.71393,0.71478,0.71342,0.71477,0
2019.02.28,00:00,0.71476,0.71656,0.71295,0.71455,0
2019.02.28,04:00,0.71455,0.71481,0.71267,0.71346,0
2019.02.28,08:00,0.71347,0.71446,0.71305,0.71409,0
2019.02.28,12:00,0.71410,0.71446,0.71008,0.71144,0
2019.02.28,16:00,0.71145,0.71147,0.70898,0.70915,0
2019.02.28,20:00,0.70915,0.71023,0.70908,0.71012,0
2019.03.01,00:00,0.71012,0.71085,0.70846,0.70934,0
2019.03.01,04:00,0.70932,0.70985,0.70839,0.70977,0
2019.03.01,08:00,0.70975,0.71179,0.70877,0.71146,0
2019.03.01,12:00,0.71145,0.71212,0.70935,0.70937,0
2019.03.01,16:00,0.70936,0.70948,0.70700,0.70721,0
2019.03.01,20:00,0.70720,0.70811,0.70695,0.70797,0
2019.03.03,21:00,0.71064,0.71123,0.70937,0.70988,0
2019.03.04,00:00,0.70989,0.71019,0.70795,0.70998,0
2019.03.04,04:00,0.70998,0.70999,0.70812,0.70862,0
2019.03.04,08:00,0.70861,0.70871,0.70748,0.70832,0
2019.03.04,12:00,0.70833,0.70933,0.70768,0.70840,0
2019.03.04,16:00,0.70840,0.70906,0.70769,0.70853,0
2019.03.04,20:00,0.70851,0.70927,0.70845,0.70899,0
2019.03.05,00:00,0.70898,0.70954,0.70657,0.70732,0
2019.03.05,04:00,0.70732,0.70813,0.70703,0.70813,0
2019.03.05,08:00,0.70812,0.70863,0.70749,0.70782,0
2019.03.05,12:00,0.70781,0.70838,0.70586,0.70702,0
2019.03.05,16:00,0.70701,0.70884,0.70668,0.70852,0
2019.03.05,20:00,0.70854,0.70884,0.70748,0.70868,0
2019.03.06,00:00,0.70870,0.70914,0.70286,0.70318,0
2019.03.06,04:00,0.70317,0.70408,0.70280,0.70315,0
2019.03.06,08:00,0.70313,0.70390,0.70236,0.70270,0
2019.03.06,12:00,0.70269,0.70416,0.70228,0.70261,0
2019.03.06,16:00,0.70262,0.70281,0.70209,0.70267,0
2019.03.06,20:00,0.70267,0.70325,0.70258,0.70318,0
2019.03.07,00:00,0.70318,0.70464,0.70201,0.70406,0
2019.03.07,04:00,0.70405,0.70508,0.70379,0.70396,0
2019.03.07,08:00,0.70397,0.70497,0.70375,0.70450,0
2019.03.07,12:00,0.70450,0.70482,0.70303,0.70309,0
2019.03.07,16:00,0.70308,0.70351,0.70097,0.70107,0
2019.03.07,20:00,0.70106,0.70233,0.70047,0.70229,0
2019.03.08,00:00,0.70231,0.70274,0.70083,0.70125,0
2019.03.08,04:00,0.70124,0.70133,0.70029,0.70065,0
2019.03.08,08:00,0.70065,0.70294,0.70055,0.70274,0
2019.03.08,12:00,0.70273,0.70496,0.70258,0.70396,0
2019.03.08,16:00,0.70397,0.70518,0.70381,0.70475,0
2019.03.08,20:00,0.70477,0.70497,0.70418,0.70449,0
2019.03.10,21:00,0.70307,0.70428,0.70301,0.70372,0
2019.03.11,00:00,0.70371,0.70396,0.70262,0.70364,0
2019.03.11,04:00,0.70366,0.70511,0.70362,0.70499,0
2019.03.11,08:00,0.70499,0.70517,0.70403,0.70465,0
2019.03.11,12:00,0.70467,0.70652,0.70437,0.70559,0
2019.03.11,16:00,0.70558,0.70761,0.70506,0.70692,0
2019.03.11,20:00,0.70692,0.70773,0.70649,0.70714,0
2019.03.12,00:00,0.70714,0.70763,0.70562,0.70702,0
2019.03.12,04:00,0.70701,0.70726,0.70643,0.70718,0
2019.03.12,08:00,0.70719,0.70795,0.70622,0.70641,0
2019.03.12,12:00,0.70642,0.70912,0.70633,0.70808,0
2019.03.12,16:00,0.70810,0.70881,0.70792,0.70834,0
2019.03.12,20:00,0.70833,0.70836,0.70544,0.70623,0
2019.03.13,00:00,0.70621,0.70691,0.70486,0.70572,0
2019.03.13,04:00,0.70571,0.70606,0.70498,0.70531,0
2019.03.13,08:00,0.70532,0.70706,0.70512,0.70642,0
2019.03.13,12:00,0.70642,0.70891,0.70552,0.70853,0
2019.03.13,16:00,0.70854,0.70969,0.70780,0.70952,0
2019.03.13,20:00,0.70953,0.70975,0.70855,0.70857,0
2019.03.14,00:00,0.70856,0.70859,0.70653,0.70660,0
2019.03.14,04:00,0.70660,0.70671,0.70576,0.70630,0
2019.03.14,08:00,0.70631,0.70679,0.70408,0.70519,0
2019.03.14,12:00,0.70519,0.70617,0.70446,0.70605,0
2019.03.14,16:00,0.70604,0.70675,0.70538,0.70648,0
2019.03.14,20:00,0.70649,0.70704,0.70614,0.70674,0
2019.03.15,00:00,0.70673,0.70923,0.70657,0.70826,0
2019.03.15,04:00,0.70825,0.70925,0.70780,0.70914,0
2019.03.15,08:00,0.70914,0.70922,0.70731,0.70785,0
2019.03.15,12:00,0.70783,0.70965,0.70699,0.70887,0
2019.03.15,16:00,0.70889,0.70894,0.70807,0.70843,0
2019.03.15,20:00,0.70842,0.70870,0.70819,0.70849,0
2019.03.17,21:00,0.70818,0.70853,0.70782,0.70830,0
2019.03.18,00:00,0.70829,0.71143,0.70818,0.71127,0
2019.03.18,04:00,0.71126,0.71193,0.71098,0.71190,0
2019.03.18,08:00,0.71190,0.71190,0.70976,0.71095,0
2019.03.18,12:00,0.71094,0.71104,0.70873,0.70988,0
2019.03.18,16:00,0.70987,0.71036,0.70895,0.71033,0
2019.03.18,20:00,0.71033,0.71055,0.70954,0.70983,0
2019.03.19,00:00,0.70982,0.71103,0.70887,0.71061,0
2019.03.19,04:00,0.71061,0.71070,0.70918,0.70941,0
2019.03.19,08:00,0.70939,0.71028,0.70930,0.70965,0
2019.03.19,12:00,0.70966,0.71067,0.70952,0.71007,0
2019.03.19,16:00,0.71009,0.71032,0.70870,0.70912,0
2019.03.19,20:00,0.70911,0.70913,0.70848,0.70873,0
2019.03.20,00:00,0.70872,0.70872,0.70564,0.70739,0
2019.03.20,04:00,0.70740,0.70893,0.70717,0.70855,0
2019.03.20,08:00,0.70856,0.70942,0.70818,0.70942,0
2019.03.20,12:00,0.70941,0.71022,0.70825,0.70867,0
2019.03.20,16:00,0.70867,0.71492,0.70790,0.71231,0
2019.03.20,20:00,0.71228,0.71342,0.71120,0.71329,0
2019.03.21,00:00,0.71328,0.71672,0.71309,0.71482,0
2019.03.21,04:00,0.71481,0.71577,0.71408,0.71474,0
2019.03.21,08:00,0.71472,0.71512,0.71262,0.71301,0
2019.03.21,12:00,0.71302,0.71346,0.71009,0.71102,0
2019.03.21,16:00,0.71102,0.71120,0.70893,0.71118,0
2019.03.21,20:00,0.71120,0.71166,0.71042,0.71058,0
2019.03.22,00:00,0.71062,0.71117,0.70942,0.71041,0
2019.03.22,04:00,0.71042,0.71145,0.71028,0.71122,0
2019.03.22,08:00,0.71123,0.71142,0.70847,0.70870,0
2019.03.22,12:00,0.70869,0.71054,0.70753,0.70894,0
2019.03.22,16:00,0.70893,0.70923,0.70759,0.70776,0
2019.03.22,20:00,0.70775,0.70826,0.70772,0.70798,0
2019.03.24,21:00,0.70763,0.70819,0.70739,0.70802,0
2019.03.25,00:00,0.70801,0.70810,0.70651,0.70798,0
2019.03.25,04:00,0.70797,0.70890,0.70754,0.70861,0
2019.03.25,08:00,0.70859,0.70968,0.70839,0.70958,0
2019.03.25,12:00,0.70957,0.71164,0.70945,0.71128,0
2019.03.25,16:00,0.71127,0.71139,0.71039,0.71099,0
2019.03.25,20:00,0.71098,0.71155,0.71070,0.71154,0
2019.03.26,00:00,0.71153,0.71259,0.71131,0.71182,0
2019.03.26,04:00,0.71184,0.71305,0.71154,0.71279,0
2019.03.26,08:00,0.71277,0.71346,0.71220,0.71279,0
2019.03.26,12:00,0.71277,0.71458,0.71253,0.71389,0
2019.03.26,16:00,0.71390,0.71472,0.71376,0.71381,0
2019.03.26,20:00,0.71380,0.71404,0.71309,0.71363,0
2019.03.27,00:00,0.71362,0.71380,0.70997,0.71031,0
2019.03.27,04:00,0.71031,0.71066,0.70911,0.70957,0
2019.03.27,08:00,0.70956,0.71075,0.70911,0.70942,0
2019.03.27,12:00,0.70946,0.70973,0.70692,0.70698,0
2019.03.27,16:00,0.70699,0.70886,0.70682,0.70867,0
2019.03.27,20:00,0.70867,0.70931,0.70786,0.70835,0
2019.03.28,00:00,0.70834,0.70947,0.70734,0.70937,0
2019.03.28,04:00,0.70937,0.71057,0.70903,0.70904,0
2019.03.28,08:00,0.70903,0.70971,0.70809,0.70829,0
2019.03.28,12:00,0.70829,0.70900,0.70702,0.70782,0
2019.03.28,16:00,0.70783,0.70830,0.70634,0.70755,0
2019.03.28,20:00,0.70756,0.70823,0.70724,0.70822,0
2019.03.29,00:00,0.70821,0.70902,0.70742,0.70856,0
2019.03.29,04:00,0.70856,0.71004,0.70838,0.70891,0
2019.03.29,08:00,0.70890,0.70940,0.70754,0.70915,0
2019.03.29,12:00,0.70915,0.71042,0.70822,0.71031,0
2019.03.29,16:00,0.71032,0.71038,0.70926,0.70997,0
2019.03.29,20:00,0.70998,0.71009,0.70941,0.70963,0
2019.03.31,21:00,0.71144,0.71160,0.71037,0.71119,0
2019.04.01,00:00,0.71118,0.71270,0.71085,0.71164,0
2019.04.01,04:00,0.71163,0.71312,0.71159,0.71302,0
2019.04.01,08:00,0.71301,0.71312,0.71137,0.71195,0
2019.04.01,12:00,0.71198,0.71293,0.71148,0.71160,0
2019.04.01,16:00,0.71161,0.71164,0.71087,0.71141,0
2019.04.01,20:00,0.71142,0.71158,0.71009,0.71092,0
2019.04.02,00:00,0.71091,0.71279,0.70816,0.70894,0
2019.04.02,04:00,0.70893,0.70929,0.70641,0.70727,0
2019.04.02,08:00,0.70727,0.70868,0.70650,0.70837,0
2019.04.02,12:00,0.70837,0.70851,0.70522,0.70574,0
2019.04.02,16:00,0.70575,0.70694,0.70539,0.70688,0
2019.04.02,20:00,0.70688,0.70715,0.70555,0.70568,0
2019.04.03,00:00,0.70566,0.71039,0.70539,0.70972,0
2019.04.03,04:00,0.70973,0.71175,0.70971,0.71165,0
2019.04.03,08:00,0.71163,0.71263,0.71133,0.71184,0
2019.04.03,12:00,0.71184,0.71253,0.71139,0.71241,0
2019.04.03,16:00,0.71240,0.71292,0.71120,0.71147,0
2019.04.03,20:00,0.71146,0.71213,0.71096,0.71167,0
2019.04.04,00:00,0.71166,0.71268,0.71126,0.71169,0
2019.04.04,04:00,0.71169,0.71198,0.71090,0.71171,0
2019.04.04,08:00,0.71169,0.71170,0.71046,0.71101,0
2019.04.04,12:00,0.71100,0.71175,0.70972,0.71118,0
2019.04.04,16:00,0.71117,0.71202,0.71086,0.71187,0
2019.04.04,20:00,0.71188,0.71193,0.71083,0.71084,0
2019.04.05,00:00,0.71083,0.71239,0.71071,0.71209,0
2019.04.05,04:00,0.71210,0.71289,0.71200,0.71265,0
2019.04.05,08:00,0.71265,0.71270,0.71146,0.71148,0
2019.04.05,12:00,0.71149,0.71310,0.70919,0.70980,0
2019.04.05,16:00,0.70979,0.71048,0.70943,0.71047,0
2019.04.05,20:00,0.71048,0.71070,0.71035,0.71055,0
2019.04.07,21:00,0.71039,0.71080,0.70996,0.70997,0
2019.04.08,00:00,0.70997,0.71001,0.70873,0.70900,0
2019.04.08,04:00,0.70900,0.71002,0.70894,0.70995,0
2019.04.08,08:00,0.70994,0.71080,0.70977,0.71067,0
2019.04.08,12:00,0.71067,0.71273,0.71037,0.71227,0
2019.04.08,16:00,0.71228,0.71303,0.71223,0.71277,0
2019.04.08,20:00,0.71277,0.71278,0.71187,0.71207,0
2019.04.09,00:00,0.71207,0.71350,0.71199,0.71349,0
2019.04.09,04:00,0.71350,0.71488,0.71319,0.71437,0
2019.04.09,08:00,0.71435,0.71503,0.71409,0.71433,0
2019.04.09,12:00,0.71433,0.71517,0.71252,0.71281,0
2019.04.09,16:00,0.71280,0.71310,0.71208,0.71267,0
2019.04.09,20:00,0.71268,0.71299,0.71207,0.71273,0
2019.04.10,00:00,0.71271,0.71323,0.71091,0.71284,0
2019.04.10,04:00,0.71284,0.71499,0.71280,0.71488,0
2019.04.10,08:00,0.71488,0.71571,0.71436,0.71468,0
2019.04.10,12:00,0.71471,0.71602,0.71306,0.71566,0
2019.04.10,16:00,0.71567,0.71744,0.71554,0.71682,0
2019.04.10,20:00,0.71680,0.71705,0.71651,0.71659,0
2019.04.11,00:00,0.71658,0.71679,0.71515,0.71565,0
2019.04.11,04:00,0.71564,0.71651,0.71547,0.71560,0
2019.04.11,08:00,0.71559,0.71619,0.71507,0.71539,0
2019.04.11,12:00,0.71538,0.71538,0.71254,0.71269,0
2019.04.11,16:00,0.71268,0.71274,0.71162,0.71228,0
2019.04.11,20:00,0.71229,0.71261,0.71213,0.71222,0
2019.04.12,00:00,0.71223,0.71323,0.71156,0.71306,0
2019.04.12,04:00,0.71305,0.71364,0.71235,0.71247,0
2019.04.12,08:00,0.71246,0.71743,0.71243,0.71689,0
2019.04.12,12:00,0.71690,0.71917,0.71688,0.71763,0
2019.04.12,16:00,0.71762,0.71804,0.71706,0.71736,0
2019.04.12,20:00,0.71733,0.71733,0.71697,0.71728,0
2019.04.14,21:00,0.71758,0.71769,0.71691,0.71702,0
2019.04.15,00:00,0.71700,0.71793,0.71635,0.71736,0
2019.04.15,04:00,0.71737,0.71761,0.71654,0.71711,0
2019.04.15,08:00,0.71712,0.71794,0.71648,0.71732,0
2019.04.15,12:00,0.71733,0.71816,0.71664,0.71776,0
2019.04.15,16:00,0.71775,0.71805,0.71702,0.71715,0
2019.04.15,20:00,0.71714,0.71731,0.71679,0.71730,0
2019.04.16,00:00,0.71729,0.71748,0.71392,0.71477,0
2019.04.16,04:00,0.71478,0.71518,0.71427,0.71473,0
2019.04.16,08:00,0.71473,0.71680,0.71400,0.71663,0
2019.04.16,12:00,0.71665,0.71786,0.71613,0.71727,0
2019.04.16,16:00,0.71728,0.71751,0.71658,0.71710,0
2019.04.16,20:00,0.71709,0.71765,0.71555,0.71641,0
2019.04.17,00:00,0.71640,0.72044,0.71560,0.71877,0
2019.04.17,04:00,0.71876,0.72027,0.71873,0.71974,0
2019.04.17,08:00,0.71973,0.72041,0.71906,0.71911,0
2019.04.17,12:00,0.71912,0.71989,0.71637,0.71665,0
2019.04.17,16:00,0.71664,0.71727,0.71617,0.71706,0
2019.04.17,20:00,0.71705,0.71784,0.71702,0.71722,0
2019.04.18,00:00,0.71722,0.71973,0.71646,0.71754,0
2019.04.18,04:00,0.71756,0.71885,0.71682,0.71710,0
2019.04.18,08:00,0.71709,0.71710,0.71537,0.71587,0
2019.04.18,12:00,0.71588,0.71653,0.71453,0.71483,0
2019.04.18,16:00,0.71484,0.71488,0.71362,0.71459,0
2019.04.18,20:00,0.71460,0.71512,0.71438,0.71458,0
2019.04.19,00:00,0.71457,0.71496,0.71430,0.71483,0
2019.04.19,04:00,0.71482,0.71552,0.71478,0.71547,0
2019.04.19,08:00,0.71548,0.71548,0.71482,0.71531,0
2019.04.19,12:00,0.71532,0.71532,0.71445,0.71457,0
2019.04.19,16:00,0.71459,0.71505,0.71455,0.71496,0
2019.04.19,20:00,0.71496,0.71517,0.71487,0.71499,0
2019.04.21,21:00,0.71490,0.71523,0.71439,0.71471,0
2019.04.22,00:00,0.71470,0.71502,0.71347,0.71347,0
2019.04.22,04:00,0.71347,0.71435,0.71346,0.71383,0
2019.04.22,08:00,0.71384,0.71385,0.71326,0.71353,0
2019.04.22,12:00,0.71353,0.71369,0.71281,0.71334,0
2019.04.22,16:00,0.71333,0.71369,0.71302,0.71329,0
2019.04.22,20:00,0.71329,0.71390,0.71326,0.71331,0
2019.04.23,00:00,0.71329,0.71329,0.71215,0.71272,0
2019.04.23,04:00,0.71272,0.71272,0.71094,0.71116,0
2019.04.23,08:00,0.71115,0.71164,0.71059,0.71112,0
2019.04.23,12:00,0.71113,0.71125,0.70807,0.70953,0
2019.04.23,16:00,0.70955,0.71014,0.70899,0.71014,0
2019.04.23,20:00,0.71013,0.71022,0.70949,0.70962,0
2019.04.24,00:00,0.70963,0.70985,0.70282,0.70284,0
2019.04.24,04:00,0.70283,0.70469,0.70269,0.70437,0
2019.04.24,08:00,0.70437,0.70495,0.70274,0.70484,0
2019.04.24,12:00,0.70483,0.70484,0.70219,0.70257,0
2019.04.24,16:00,0.70258,0.70259,0.70040,0.70130,0
2019.04.24,20:00,0.70129,0.70151,0.70099,0.70132,0
2019.04.25,00:00,0.70132,0.70222,0.70040,0.70189,0
2019.04.25,04:00,0.70188,0.70221,0.70085,0.70126,0
2019.04.25,08:00,0.70128,0.70173,0.69921,0.69956,0
2019.04.25,12:00,0.69957,0.70169,0.69880,0.70087,0
2019.04.25,16:00,0.70086,0.70139,0.70064,0.70135,0
2019.04.25,20:00,0.70134,0.70226,0.70122,0.70166,0
2019.04.26,00:00,0.70166,0.70311,0.70069,0.70205,0
2019.04.26,04:00,0.70205,0.70331,0.70197,0.70300,0
2019.04.26,08:00,0.70303,0.70435,0.70266,0.70372,0
2019.04.26,12:00,0.70372,0.70603,0.70219,0.70435,0
2019.04.26,16:00,0.70433,0.70458,0.70360,0.70381,0
2019.04.26,20:00,0.70382,0.70455,0.70375,0.70378,0
2019.04.28,21:00,0.70378,0.70442,0.70370,0.70426,0
2019.04.29,00:00,0.70425,0.70565,0.70418,0.70557,0
2019.04.29,04:00,0.70556,0.70604,0.70499,0.70499,0
2019.04.29,08:00,0.70499,0.70539,0.70455,0.70455,0
2019.04.29,12:00,0.70455,0.70543,0.70387,0.70524,0
2019.04.29,16:00,0.70525,0.70593,0.70518,0.70577,0
2019.04.29,20:00,0.70576,0.70579,0.70528,0.70542,0
2019.04.30,00:00,0.70544,0.70683,0.70337,0.70436,0
2019.04.30,04:00,0.70437,0.70468,0.70332,0.70423,0
2019.04.30,08:00,0.70424,0.70588,0.70424,0.70545,0
2019.04.30,12:00,0.70544,0.70563,0.70306,0.70392,0
2019.04.30,16:00,0.70392,0.70582,0.70390,0.70496,0
2019.04.30,20:00,0.70495,0.70536,0.70394,0.70489,0
2019.05.01,00:00,0.70490,0.70557,0.70474,0.70515,0
2019.05.01,04:00,0.70514,0.70572,0.70469,0.70572,0
2019.05.01,08:00,0.70570,0.70606,0.70478,0.70498,0
2019.05.01,12:00,0.70499,0.70502,0.70347,0.70373,0
2019.05.01,16:00,0.70375,0.70536,0.70070,0.70120,0
2019.05.01,20:00,0.70122,0.70188,0.70117,0.70135,0
2019.05.02,00:00,0.70134,0.70281,0.70104,0.70251,0
2019.05.02,04:00,0.70252,0.70285,0.70169,0.70254,0
2019.05.02,08:00,0.70252,0.70277,0.70181,0.70194,0
2019.05.02,12:00,0.70195,0.70217,0.69945,0.70014,0
2019.05.02,16:00,0.70013,0.70060,0.69951,0.69972,0
2019.05.02,20:00,0.69971,0.70001,0.69928,0.69928,0
2019.05.03,00:00,0.69930,0.70002,0.69835,0.69966,0
2019.05.03,04:00,0.69966,0.70004,0.69880,0.69969,0
2019.05.03,08:00,0.69970,0.69996,0.69903,0.69958,0
2019.05.03,12:00,0.69957,0.70236,0.69852,0.70174,0
2019.05.03,16:00,0.70173,0.70217,0.70145,0.70211,0
2019.05.03,20:00,0.70211,0.70241,0.70197,0.70225,0
2019.05.05,21:00,0.69719,0.69970,0.69718,0.69733,0
2019.05.06,00:00,0.69734,0.69834,0.69625,0.69750,0
2019.05.06,04:00,0.69750,0.70001,0.69750,0.69892,0
2019.05.06,08:00,0.69893,0.69946,0.69857,0.69905,0
2019.05.06,12:00,0.69906,0.69980,0.69809,0.69940,0
2019.05.06,16:00,0.69939,0.70020,0.69907,0.69988,0
2019.05.06,20:00,0.69988,0.69988,0.69817,0.69922,0
2019.05.07,00:00,0.69921,0.70036,0.69882,0.69946,0
2019.05.07,04:00,0.69946,0.70469,0.69811,0.70244,0
2019.05.07,08:00,0.70242,0.70260,0.70122,0.70171,0
2019.05.07,12:00,0.70172,0.70195,0.70018,0.70034,0
2019.05.07,16:00,0.70035,0.70105,0.69980,0.70065,0
2019.05.07,20:00,0.70063,0.70137,0.70058,0.70075,0
2019.05.08,00:00,0.70075,0.70260,0.69991,0.70182,0
2019.05.08,04:00,0.70181,0.70248,0.70171,0.70193,0
2019.05.08,08:00,0.70194,0.70237,0.69946,0.70024,0
2019.05.08,12:00,0.70025,0.70135,0.69977,0.70030,0
2019.05.08,16:00,0.70031,0.70040,0.69870,0.69878,0
2019.05.08,20:00,0.69879,0.69952,0.69857,0.69913,0
2019.05.09,00:00,0.69913,0.69924,0.69671,0.69756,0
2019.05.09,04:00,0.69756,0.69787,0.69683,0.69709,0
2019.05.09,08:00,0.69710,0.69818,0.69645,0.69731,0
2019.05.09,12:00,0.69732,0.69811,0.69648,0.69754,0
2019.05.09,16:00,0.69753,0.69973,0.69742,0.69905,0
2019.05.09,20:00,0.69905,0.69932,0.69839,0.69867,0
2019.05.10,00:00,0.69869,0.70178,0.69782,0.69924,0
2019.05.10,04:00,0.69923,0.70036,0.69844,0.69947,0
2019.05.10,08:00,0.69946,0.70002,0.69908,0.69911,0
2019.05.10,12:00,0.69912,0.70082,0.69905,0.69968,0
2019.05.10,16:00,0.69967,0.70062,0.69936,0.69994,0
2019.05.10,20:00,0.69993,0.70021,0.69975,0.69983,0
2019.05.12,21:00,0.69926,0.69975,0.69831,0.69831,0
2019.05.13,00:00,0.69833,0.69857,0.69733,0.69761,0
2019.05.13,04:00,0.69762,0.69797,0.69677,0.69718,0
2019.05.13,08:00,0.69718,0.69848,0.69667,0.69678,0
2019.05.13,12:00,0.69677,0.69773,0.69437,0.69479,0
2019.05.13,16:00,0.69477,0.69522,0.69404,0.69452,0
2019.05.13,20:00,0.69452,0.69480,0.69398,0.69442,0
2019.05.14,00:00,0.69441,0.69589,0.69439,0.69530,0
2019.05.14,04:00,0.69531,0.69558,0.69442,0.69447,0
2019.05.14,08:00,0.69449,0.69490,0.69397,0.69461,0
2019.05.14,12:00,0.69462,0.69515,0.69346,0.69454,0
2019.05.14,16:00,0.69452,0.69507,0.69405,0.69412,0
2019.05.14,20:00,0.69410,0.69449,0.69369,0.69372,0
2019.05.15,00:00,0.69373,0.69375,0.69219,0.69298,0
2019.05.15,04:00,0.69297,0.69335,0.69184,0.69244,0
2019.05.15,08:00,0.69242,0.69291,0.69146,0.69156,0
2019.05.15,12:00,0.69157,0.69356,0.69148,0.69278,0
2019.05.15,16:00,0.69279,0.69303,0.69206,0.69252,0
2019.05.15,20:00,0.69254,0.69309,0.69237,0.69255,0
2019.05.16,00:00,0.69254,0.69254,0.68918,0.69133,0
2019.05.16,04:00,0.69132,0.69182,0.69058,0.69171,0
2019.05.16,08:00,0.69170,0.69323,0.69154,0.69220,0
2019.05.16,12:00,0.69221,0.69221,0.68992,0.69041,0
2019.05.16,16:00,0.69042,0.69060,0.68862,0.68913,0
2019.05.16,20:00,0.68912,0.68937,0.68891,0.68916,0
2019.05.17,00:00,0.68915,0.68966,0.68831,0.68845,0
2019.05.17,04:00,0.68845,0.68947,0.68791,0.68864,0
2019.05.17,08:00,0.68866,0.68867,0.68725,0.68784,0
2019.05.17,12:00,0.68786,0.68851,0.68709,0.68728,0
2019.05.17,16:00,0.68727,0.68761,0.68645,0.68649,0
2019.05.17,20:00,0.68648,0.68679,0.68646,0.68668,0
2019.05.19,21:00,0.69018,0.69047,0.68896,0.69013,0
2019.05.20,00:00,0.69012,0.69193,0.68988,0.69159,0
2019.05.20,04:00,0.69160,0.69321,0.69158,0.69308,0
2019.05.20,08:00,0.69307,0.69337,0.69137,0.69172,0
2019.05.20,12:00,0.69172,0.69235,0.69088,0.69122,0
2019.05.20,16:00,0.69122,0.69140,0.69040,0.69083,0
2019.05.20,20:00,0.69082,0.69286,0.69050,0.69195,0
2019.05.21,00:00,0.69196,0.69233,0.68860,0.68877,0
2019.05.21,04:00,0.68875,0.68875,0.68698,0.68761,0
2019.05.21,08:00,0.68762,0.68838,0.68706,0.68748,0
2019.05.21,12:00,0.68748,0.68855,0.68660,0.68754,0
2019.05.21,16:00,0.68754,0.68844,0.68749,0.68838,0
2019.05.21,20:00,0.68839,0.68860,0.68812,0.68823,0
2019.05.22,00:00,0.68824,0.68860,0.68730,0.68808,0
2019.05.22,04:00,0.68809,0.68827,0.68709,0.68798,0
2019.05.22,08:00,0.68800,0.68958,0.68790,0.68836,0
2019.05.22,12:00,0.68835,0.68908,0.68739,0.68785,0
2019.05.22,16:00,0.68784,0.68875,0.68773,0.68813,0
2019.05.22,20:00,0.68812,0.68824,0.68766,0.68767,0
2019.05.23,00:00,0.68768,0.68778,0.68661,0.68756,0
2019.05.23,04:00,0.68755,0.68775,0.68678,0.68728,0
2019.05.23,08:00,0.68727,0.68773,0.68645,0.68762,0
2019.05.23,12:00,0.68764,0.68973,0.68658,0.68956,0
2019.05.23,16:00,0.68957,0.68999,0.68906,0.68958,0
2019.05.23,20:00,0.68957,0.69021,0.68957,0.68978,0
2019.05.24,00:00,0.68979,0.69047,0.68808,0.68833,0
2019.05.24,04:00,0.68832,0.69005,0.68829,0.69003,0
2019.05.24,08:00,0.69003,0.69118,0.68958,0.69018,0
2019.05.24,12:00,0.69017,0.69216,0.69017,0.69128,0
2019.05.24,16:00,0.69128,0.69341,0.69122,0.69307,0
2019.05.24,20:00,0.69308,0.69309,0.69260,0.69267,0
2019.05.26,21:00,0.69304,0.69352,0.69270,0.69293,0
2019.05.27,00:00,0.69295,0.69353,0.69240,0.69335,0
2019.05.27,04:00,0.69334,0.69380,0.69238,0.69255,0
2019.05.27,08:00,0.69256,0.69258,0.69208,0.69251,0
2019.05.27,12:00,0.69250,0.69258,0.69141,0.69148,0
2019.05.27,16:00,0.69149,0.69177,0.69120,0.69142,0
2019.05.27,20:00,0.69141,0.69208,0.69136,0.69197,0
2019.05.28,00:00,0.69198,0.69272,0.69168,0.69260,0
2019.05.28,04:00,0.69260,0.69296,0.69202,0.69251,0
2019.05.28,08:00,0.69250,0.69264,0.69161,0.69261,0
2019.05.28,12:00,0.69260,0.69351,0.69205,0.69292,0
2019.05.28,16:00,0.69292,0.69298,0.69199,0.69226,0
2019.05.28,20:00,0.69225,0.69254,0.69197,0.69245,0
2019.05.29,00:00,0.69246,0.69302,0.69231,0.69290,0
2019.05.29,04:00,0.69290,0.69310,0.69127,0.69139,0
2019.05.29,08:00,0.69140,0.69230,0.69109,0.69222,0
2019.05.29,12:00,0.69220,0.69288,0.69040,0.69100,0
2019.05.29,16:00,0.69101,0.69168,0.69082,0.69160,0
2019.05.29,20:00,0.69159,0.69206,0.69155,0.69179,0
2019.05.30,00:00,0.69180,0.69286,0.69179,0.69253,0
2019.05.30,04:00,0.69253,0.69362,0.69252,0.69303,0
2019.05.30,08:00,0.69304,0.69334,0.69168,0.69169,0
2019.05.30,12:00,0.69170,0.69221,0.68983,0.69097,0
2019.05.30,16:00,0.69097,0.69174,0.69074,0.69119,0
2019.05.30,20:00,0.69118,0.69153,0.69020,0.69048,0
2019.05.31,00:00,0.69047,0.69177,0.69009,0.69130,0
2019.05.31,04:00,0.69132,0.69255,0.69087,0.69231,0
2019.05.31,08:00,0.69231,0.69274,0.69021,0.69079,0
2019.05.31,12:00,0.69078,0.69427,0.69075,0.69289,0
2019.05.31,16:00,0.69287,0.69436,0.69284,0.69367,0
2019.05.31,20:00,0.69366,0.69366,0.69323,0.69352,0
2019.06.02,21:00,0.69287,0.69337,0.69279,0.69285,0
2019.06.03,00:00,0.69284,0.69590,0.69269,0.69540,0
2019.06.03,04:00,0.69539,0.69550,0.69398,0.69438,0
2019.06.03,08:00,0.69440,0.69620,0.69418,0.69556,0
2019.06.03,12:00,0.69556,0.69656,0.69521,0.69536,0
2019.06.03,16:00,0.69538,0.69819,0.69507,0.69777,0
2019.06.03,20:00,0.69777,0.69780,0.69696,0.69696,0
2019.06.04,00:00,0.69697,0.69751,0.69594,0.69746,0
2019.06.04,04:00,0.69745,0.69924,0.69651,0.69766,0
2019.06.04,08:00,0.69767,0.69909,0.69568,0.69849,0
2019.06.04,12:00,0.69850,0.69917,0.69700,0.69863,0
2019.06.04,16:00,0.69863,0.70034,0.69838,0.69955,0
2019.06.04,20:00,0.69953,0.69964,0.69889,0.69903,0
2019.06.05,00:00,0.69902,0.70034,0.69832,0.70010,0
2019.06.05,04:00,0.70009,0.70069,0.69933,0.69993,0
2019.06.05,08:00,0.69994,0.70064,0.69812,0.69819,0
2019.06.05,12:00,0.69821,0.70019,0.69716,0.69731,0
2019.06.05,16:00,0.69730,0.69742,0.69622,0.69673,0
2019.06.05,20:00,0.69674,0.69725,0.69636,0.69694,0
2019.06.06,00:00,0.69694,0.69726,0.69632,0.69694,0
2019.06.06,04:00,0.69693,0.69765,0.69654,0.69762,0
2019.06.06,08:00,0.69762,0.69844,0.69687,0.69828,0
2019.06.06,12:00,0.69827,0.69936,0.69767,0.69836,0
2019.06.06,16:00,0.69835,0.69865,0.69738,0.69760,0
2019.06.06,20:00,0.69760,0.69787,0.69732,0.69737,0
2019.06.07,00:00,0.69738,0.69814,0.69707,0.69723,0
2019.06.07,04:00,0.69722,0.69779,0.69682,0.69732,0
2019.06.07,08:00,0.69733,0.69733,0.69637,0.69680,0
2019.06.07,12:00,0.69682,0.70214,0.69675,0.70018,0
2019.06.07,16:00,0.70017,0.70083,0.69969,0.69979,0
2019.06.07,20:00,0.69978,0.70006,0.69968,0.70001,0
2019.06.09,21:00,0.70047,0.70058,0.69925,0.69949,0
2019.06.10,00:00,0.69947,0.69987,0.69724,0.69725,0
2019.06.10,04:00,0.69726,0.69742,0.69608,0.69642,0
2019.06.10,08:00,0.69642,0.69706,0.69595,0.69595,0
2019.06.10,12:00,0.69594,0.69721,0.69593,0.69635,0
2019.06.10,16:00,0.69636,0.69652,0.69568,0.69607,0
2019.06.10,20:00,0.69605,0.69626,0.69568,0.69604,0
2019.06.11,00:00,0.69605,0.69658,0.69523,0.69564,0
2019.06.11,04:00,0.69565,0.69585,0.69468,0.69561,0
2019.06.11,08:00,0.69563,0.69595,0.69504,0.69525,0
2019.06.11,12:00,0.69524,0.69622,0.69475,0.69548,0
2019.06.11,16:00,0.69549,0.69654,0.69537,0.69589,0
2019.06.11,20:00,0.69590,0.69621,0.69581,0.69603,0
2019.06.12,00:00,0.69604,0.69626,0.69467,0.69479,0
2019.06.12,04:00,0.69480,0.69541,0.69428,0.69539,0
2019.06.12,08:00,0.69538,0.69545,0.69458,0.69493,0
2019.06.12,12:00,0.69492,0.69568,0.69414,0.69416,0
2019.06.12,16:00,0.69415,0.69436,0.69250,0.69260,0
2019.06.12,20:00,0.69261,0.69325,0.69251,0.69294,0
2019.06.13,00:00,0.69293,0.69369,0.69048,0.69058,0
2019.06.13,04:00,0.69057,0.69146,0.69038,0.69116,0
2019.06.13,08:00,0.69119,0.69167,0.69010,0.69151,0
2019.06.13,12:00,0.69152,0.69154,0.69079,0.69086,0
2019.06.13,16:00,0.69086,0.69183,0.69077,0.69146,0
2019.06.13,20:00,0.69145,0.69175,0.69107,0.69107,0
2019.06.14,00:00,0.69106,0.69134,0.68918,0.68989,0
2019.06.14,04:00,0.68989,0.69058,0.68949,0.68992,0
2019.06.14,08:00,0.68991,0.69023,0.68937,0.69004,0
2019.06.14,12:00,0.69006,0.69016,0.68703,0.68714,0
2019.06.14,16:00,0.68713,0.68719,0.68612,0.68688,0
2019.06.14,20:00,0.68687,0.68746,0.68683,0.68709,0
2019.06.16,21:00,0.68729,0.68795,0.68689,0.68772,0
2019.06.17,00:00,0.68771,0.68839,0.68764,0.68801,0
2019.06.17,04:00,0.68802,0.68811,0.68695,0.68722,0
2019.06.17,08:00,0.68723,0.68749,0.68652,0.68672,0
2019.06.17,12:00,0.68673,0.68740,0.68497,0.68589,0
2019.06.17,16:00,0.68590,0.68606,0.68484,0.68509,0
2019.06.17,20:00,0.68508,0.68563,0.68499,0.68513,0
2019.06.18,00:00,0.68514,0.68564,0.68336,0.68348,0
2019.06.18,04:00,0.68347,0.68416,0.68329,0.68338,0
2019.06.18,08:00,0.68338,0.68472,0.68315,0.68463,0
2019.06.18,12:00,0.68461,0.68809,0.68410,0.68703,0
2019.06.18,16:00,0.68704,0.68759,0.68678,0.68751,0
2019.06.18,20:00,0.68750,0.68809,0.68741,0.68809,0
2019.06.19,00:00,0.68809,0.68852,0.68729,0.68757,0
2019.06.19,04:00,0.68757,0.68783,0.68702,0.68728,0
2019.06.19,08:00,0.68729,0.68754,0.68676,0.68726,0
2019.06.19,12:00,0.68727,0.68742,0.68547,0.68694,0
2019.06.19,16:00,0.68693,0.69084,0.68672,0.68769,0
2019.06.19,20:00,0.68766,0.68907,0.68761,0.68846,0
2019.06.20,00:00,0.68847,0.69061,0.68798,0.68949,0
2019.06.20,04:00,0.68950,0.69160,0.68872,0.69160,0
2019.06.20,08:00,0.69162,0.69281,0.69134,0.69260,0
2019.06.20,12:00,0.69261,0.69350,0.69124,0.69157,0
2019.06.20,16:00,0.69158,0.69260,0.69117,0.69217,0
2019.06.20,20:00,0.69215,0.69252,0.69163,0.69206,0
2019.06.21,00:00,0.69205,0.69372,0.69185,0.69294,0
2019.06.21,04:00,0.69293,0.69341,0.69159,0.69185,0
2019.06.21,08:00,0.69186,0.69204,0.69030,0.69068,0
2019.06.21,12:00,0.69069,0.69234,0.69037,0.69195,0
2019.06.21,16:00,0.69197,0.69339,0.69189,0.69271,0
2019.06.21,20:00,0.69272,0.69305,0.69250,0.69250,0
2019.06.23,21:00,0.69304,0.69460,0.69290,0.69458,0
2019.06.24,00:00,0.69460,0.69604,0.69432,0.69559,0
2019.06.24,04:00,0.69559,0.69602,0.69432,0.69452,0
2019.06.24,08:00,0.69450,0.69549,0.69428,0.69521,0
2019.06.24,12:00,0.69520,0.69681,0.69477,0.69627,0
2019.06.24,16:00,0.69628,0.69678,0.69592,0.69616,0
2019.06.24,20:00,0.69614,0.69688,0.69601,0.69649,0
2019.06.25,00:00,0.69652,0.69720,0.69532,0.69562,0
2019.06.25,04:00,0.69562,0.69654,0.69556,0.69608,0
2019.06.25,08:00,0.69608,0.69726,0.69608,0.69659,0
2019.06.25,12:00,0.69659,0.69743,0.69654,0.69739,0
2019.06.25,16:00,0.69739,0.69778,0.69413,0.69583,0
2019.06.25,20:00,0.69584,0.69651,0.69537,0.69599,0
2019.06.26,00:00,0.69600,0.69693,0.69524,0.69630,0
2019.06.26,04:00,0.69631,0.69847,0.69617,0.69838,0
2019.06.26,08:00,0.69837,0.69943,0.69778,0.69784,0
2019.06.26,12:00,0.69785,0.69896,0.69751,0.69885,0
2019.06.26,16:00,0.69888,0.69921,0.69827,0.69875,0
2019.06.26,20:00,0.69874,0.69877,0.69834,0.69848,0
2019.06.27,00:00,0.69847,0.69988,0.69839,0.69934,0
2019.06.27,04:00,0.69935,0.69982,0.69869,0.69952,0
2019.06.27,08:00,0.69953,0.69991,0.69867,0.69928,0
2019.06.27,12:00,0.69930,0.70060,0.69926,0.69971,0
2019.06.27,16:00,0.69970,0.70068,0.69963,0.70068,0
2019.06.27,20:00,0.70067,0.70081,0.70022,0.70043,0
2019.06.28,00:00,0.70045,0.70094,0.69978,0.70084,0
2019.06.28,04:00,0.70084,0.70163,0.70079,0.70152,0
2019.06.28,08:00,0.70152,0.70162,0.70016,0.70043,0
2019.06.28,12:00,0.70042,0.70182,0.70023,0.70081,0
2019.06.28,16:00,0.70080,0.70200,0.70079,0.70199,0
2019.06.28,20:00,0.70200,0.70223,0.70176,0.70207,0
2019.06.30,21:00,0.70283,0.70316,0.70220,0.70222,0
2019.07.01,00:00,0.70222,0.70231,0.69952,0.70021,0
2019.07.01,04:00,0.70021,0.70046,0.69903,0.69960,0
2019.07.01,08:00,0.69959,0.70002,0.69937,0.69947,0
2019.07.01,12:00,0.69947,0.69964,0.69600,0.69615,0
2019.07.01,16:00,0.69617,0.69628,0.69558,0.69613,0
2019.07.01,20:00,0.69612,0.69675,0.69605,0.69644,0
2019.07.02,00:00,0.69644,0.69789,0.69616,0.69746,0
2019.07.02,04:00,0.69747,0.69883,0.69582,0.69831,0
2019.07.02,08:00,0.69830,0.69940,0.69770,0.69924,0
2019.07.02,12:00,0.69925,0.69998,0.69877,0.69907,0
2019.07.02,16:00,0.69907,0.69942,0.69852,0.69883,0
2019.07.02,20:00,0.69881,0.69948,0.69867,0.69938,0
2019.07.03,00:00,0.69939,0.69977,0.69851,0.69967,0
2019.07.03,04:00,0.69967,0.69987,0.69885,0.69927,0
2019.07.03,08:00,0.69928,0.70238,0.69924,0.70190,0
2019.07.03,12:00,0.70190,0.70385,0.70128,0.70323,0
2019.07.03,16:00,0.70323,0.70385,0.70304,0.70336,0
2019.07.03,20:00,0.70336,0.70347,0.70278,0.70305,0
2019.07.04,00:00,0.70304,0.70473,0.70298,0.70332,0
2019.07.04,04:00,0.70333,0.70366,0.70213,0.70266,0
2019.07.04,08:00,0.70265,0.70278,0.70152,0.70207,0
2019.07.04,12:00,0.70208,0.70272,0.70168,0.70188,0
2019.07.04,16:00,0.70187,0.70230,0.70159,0.70227,0
2019.07.04,20:00,0.70226,0.70261,0.70208,0.70241,0
2019.07.05,00:00,0.70242,0.70283,0.70210,0.70246,0
2019.07.05,04:00,0.70246,0.70257,0.70134,0.70176,0
2019.07.05,08:00,0.70176,0.70232,0.70117,0.70122,0
2019.07.05,12:00,0.70123,0.70140,0.69571,0.69673,0
2019.07.05,16:00,0.69672,0.69822,0.69672,0.69808,0
2019.07.05,20:00,0.69808,0.69809,0.69780,0.69793,0
2019.07.07,21:00,0.69774,0.69833,0.69764,0.69808,0
2019.07.08,00:00,0.69809,0.69871,0.69782,0.69841,0
2019.07.08,04:00,0.69840,0.69936,0.69818,0.69922,0
2019.07.08,08:00,0.69921,0.69934,0.69797,0.69851,0
2019.07.08,12:00,0.69853,0.69890,0.69671,0.69672,0
2019.07.08,16:00,0.69673,0.69727,0.69668,0.69700,0
2019.07.08,20:00,0.69702,0.69746,0.69692,0.69716,0
2019.07.09,00:00,0.69716,0.69743,0.69540,0.69553,0
2019.07.09,04:00,0.69553,0.69624,0.69431,0.69441,0
2019.07.09,08:00,0.69441,0.69455,0.69285,0.69311,0
2019.07.09,12:00,0.69310,0.69374,0.69202,0.69258,0
2019.07.09,16:00,0.69258,0.69326,0.69218,0.69277,0
2019.07.09,20:00,0.69279,0.69303,0.69245,0.69247,0
2019.07.10,00:00,0.69248,0.69269,0.69186,0.69195,0
2019.07.10,04:00,0.69194,0.69250,0.69102,0.69102,0
2019.07.10,08:00,0.69103,0.69284,0.69102,0.69194,0
2019.07.10,12:00,0.69196,0.69672,0.69161,0.69623,0
2019.07.10,16:00,0.69624,0.69686,0.69562,0.69590,0
2019.07.10,20:00,0.69590,0.69653,0.69564,0.69575,0
2019.07.11,00:00,0.69577,0.69773,0.69537,0.69753,0
2019.07.11,04:00,0.69753,0.69775,0.69681,0.69756,0
2019.07.11,08:00,0.69755,0.69854,0.69741,0.69825,0
2019.07.11,12:00,0.69826,0.69874,0.69698,0.69811,0
2019.07.11,16:00,0.69810,0.69818,0.69672,0.69769,0
2019.07.11,20:00,0.69768,0.69775,0.69710,0.69710,0
2019.07.12,00:00,0.69710,0.69926,0.69707,0.69907,0
2019.07.12,04:00,0.69908,0.70029,0.69897,0.69988,0
2019.07.12,08:00,0.69987,0.70082,0.69827,0.69877,0
2019.07.12,12:00,0.69878,0.70084,0.69830,0.70061,0
2019.07.12,16:00,0.70060,0.70241,0.70059,0.70199,0
2019.07.12,20:00,0.70199,0.70231,0.70187,0.70205,0
2019.07.14,21:00,0.70147,0.70226,0.70145,0.70163,0
2019.07.15,00:00,0.70163,0.70343,0.70118,0.70336,0
2019.07.15,04:00,0.70336,0.70347,0.70277,0.70341,0
2019.07.15,08:00,0.70340,0.70375,0.70254,0.70269,0
2019.07.15,12:00,0.70269,0.70368,0.70261,0.70350,0
2019.07.15,16:00,0.70350,0.70394,0.70333,0.70393,0
2019.07.15,20:00,0.70393,0.70425,0.70368,0.70373,0
2019.07.16,00:00,0.70373,0.70422,0.70322,0.70357,0
2019.07.16,04:00,0.70358,0.70387,0.70269,0.70281,0
2019.07.16,08:00,0.70282,0.70328,0.70233,0.70312,0
2019.07.16,12:00,0.70311,0.70343,0.70183,0.70183,0
2019.07.16,16:00,0.70182,0.70241,0.70110,0.70124,0
2019.07.16,20:00,0.70124,0.70163,0.70100,0.70153,0
2019.07.17,00:00,0.70153,0.70195,0.70020,0.70092,0
2019.07.17,04:00,0.70093,0.70140,0.70040,0.70080,0
2019.07.17,08:00,0.70078,0.70121,0.70031,0.70058,0
2019.07.17,12:00,0.70059,0.70222,0.69959,0.70196,0
2019.07.17,16:00,0.70195,0.70242,0.70092,0.70110,0
2019.07.17,20:00,0.70111,0.70127,0.70071,0.70076,0
2019.07.18,00:00,0.70078,0.70329,0.70056,0.70303,0
2019.07.18,04:00,0.70302,0.70382,0.70266,0.70325,0
2019.07.18,08:00,0.70325,0.70384,0.70262,0.70353,0
2019.07.18,12:00,0.70352,0.70436,0.70280,0.70422,0
2019.07.18,16:00,0.70421,0.70760,0.70367,0.70713,0
2019.07.18,20:00,0.70713,0.70804,0.70540,0.70673,0
2019.07.19,00:00,0.70675,0.70766,0.70651,0.70704,0
2019.07.19,04:00,0.70704,0.70716,0.70611,0.70631,0
2019.07.19,08:00,0.70631,0.70636,0.70486,0.70543,0
2019.07.19,12:00,0.70544,0.70643,0.70404,0.70421,0
2019.07.19,16:00,0.70420,0.70534,0.70372,0.70428,0
2019.07.19,20:00,0.70429,0.70449,0.70399,0.70421,0
2019.07.21,21:00,0.70411,0.70458,0.70408,0.70426,0
2019.07.22,00:00,0.70425,0.70464,0.70358,0.70409,0
2019.07.22,04:00,0.70410,0.70422,0.70309,0.70386,0
2019.07.22,08:00,0.70386,0.70543,0.70348,0.70484,0
2019.07.22,12:00,0.70482,0.70566,0.70389,0.70407,0
2019.07.22,16:00,0.70406,0.70425,0.70328,0.70365,0
2019.07.22,20:00,0.70365,0.70365,0.70274,0.70285,0
2019.07.23,00:00,0.70286,0.70347,0.70222,0.70235,0
2019.07.23,04:00,0.70235,0.70236,0.70166,0.70214,0
2019.07.23,08:00,0.70216,0.70338,0.70170,0.70260,0
2019.07.23,12:00,0.70260,0.70295,0.69958,0.69983,0
2019.07.23,16:00,0.69982,0.70081,0.69976,0.70033,0
2019.07.23,20:00,0.70033,0.70054,0.69923,0.69946,0
2019.07.24,00:00,0.69947,0.69949,0.69775,0.69798,0
2019.07.24,04:00,0.69799,0.69862,0.69776,0.69808,0
2019.07.24,08:00,0.69807,0.69874,0.69726,0.69795,0
2019.07.24,12:00,0.69795,0.69905,0.69764,0.69765,0
2019.07.24,16:00,0.69766,0.69810,0.69723,0.69782,0
2019.07.24,20:00,0.69781,0.69787,0.69753,0.69775,0
2019.07.25,00:00,0.69775,0.69836,0.69646,0.69705,0
2019.07.25,04:00,0.69706,0.69718,0.69639,0.69684,0
2019.07.25,08:00,0.69683,0.69712,0.69622,0.69677,0
2019.07.25,12:00,0.69677,0.69767,0.69501,0.69530,0
2019.07.25,16:00,0.69532,0.69546,0.69421,0.69485,0
2019.07.25,20:00,0.69487,0.69533,0.69479,0.69500,0
2019.07.26,00:00,0.69500,0.69547,0.69406,0.69424,0
2019.07.26,04:00,0.69424,0.69465,0.69300,0.69303,0
2019.07.26,08:00,0.69302,0.69314,0.69260,0.69288,0
2019.07.26,12:00,0.69287,0.69287,0.69032,0.69069,0
2019.07.26,16:00,0.69068,0.69103,0.69023,0.69073,0
2019.07.26,20:00,0.69074,0.69100,0.69070,0.69098,0
2019.07.28,21:00,0.69050,0.69117,0.69050,0.69051,0
2019.07.29,00:00,0.69052,0.69158,0.69026,0.69051,0
2019.07.29,04:00,0.69051,0.69095,0.69041,0.69081,0
2019.07.29,08:00,0.69081,0.69088,0.69007,0.69007,0
2019.07.29,12:00,0.69007,0.69093,0.68943,0.69070,0
2019.07.29,16:00,0.69070,0.69070,0.68981,0.69008,0
2019.07.29,20:00,0.69008,0.69036,0.68980,0.68980,0
2019.07.30,00:00,0.68979,0.69075,0.68949,0.69033,0
2019.07.30,04:00,0.69034,0.69036,0.68943,0.68971,0
2019.07.30,08:00,0.68972,0.68985,0.68810,0.68857,0
2019.07.30,12:00,0.68857,0.68898,0.68684,0.68705,0
2019.07.30,16:00,0.68705,0.68787,0.68699,0.68745,0
2019.07.30,20:00,0.68745,0.68762,0.68714,0.68741,0
2019.07.31,00:00,0.68740,0.68923,0.68624,0.68912,0
2019.07.31,04:00,0.68913,0.68988,0.68866,0.68868,0
2019.07.31,08:00,0.68868,0.68961,0.68868,0.68927,0
2019.07.31,12:00,0.68926,0.68954,0.68810,0.68866,0
2019.07.31,16:00,0.68865,0.68906,0.68317,0.68379,0
2019.07.31,20:00,0.68377,0.68513,0.68345,0.68447,0
2019.08.01,00:00,0.68448,0.68573,0.68283,0.68485,0
2019.08.01,04:00,0.68484,0.68515,0.68415,0.68437,0
2019.08.01,08:00,0.68436,0.68570,0.68387,0.68392,0
2019.08.01,12:00,0.68394,0.68645,0.68321,0.68570,0
2019.08.01,16:00,0.68572,0.68674,0.67951,0.68024,0
2019.08.01,20:00,0.68027,0.68064,0.67954,0.68017,0
2019.08.02,00:00,0.68016,0.68183,0.67983,0.68055,0
2019.08.02,04:00,0.68055,0.68162,0.67937,0.68045,0
2019.08.02,08:00,0.68044,0.68044,0.67858,0.67895,0
2019.08.02,12:00,0.67892,0.68053,0.67632,0.68049,0
2019.08.02,16:00,0.68050,0.68051,0.67931,0.67963,0
2019.08.02,20:00,0.67962,0.67994,0.67951,0.67986,0
2019.08.04,21:00,0.67943,0.67944,0.67893,0.67902,0
2019.08.05,00:00,0.67900,0.68036,0.67481,0.67831,0
2019.08.05,04:00,0.67830,0.67846,0.67603,0.67616,0
2019.08.05,08:00,0.67616,0.67683,0.67522,0.67676,0
2019.08.05,12:00,0.67678,0.67823,0.67619,0.67788,0
2019.08.05,16:00,0.67789,0.67828,0.67584,0.67651,0
2019.08.05,20:00,0.67650,0.67674,0.67502,0.67621,0
2019.08.06,00:00,0.67622,0.67915,0.67615,0.67898,0
2019.08.06,04:00,0.67897,0.68002,0.67717,0.67946,0
2019.08.06,08:00,0.67946,0.67958,0.67819,0.67923,0
2019.08.06,12:00,0.67923,0.67944,0.67626,0.67681,0
2019.08.06,16:00,0.67680,0.67690,0.67528,0.67590,0
2019.08.06,20:00,0.67589,0.67649,0.67564,0.67615,0
2019.08.07,00:00,0.67616,0.67821,0.66771,0.66997,0
2019.08.07,04:00,0.66997,0.67239,0.66950,0.67221,0
2019.08.07,08:00,0.67221,0.67386,0.67219,0.67360,0
2019.08.07,12:00,0.67360,0.67584,0.67214,0.67523,0
2019.08.07,16:00,0.67523,0.67706,0.67519,0.67627,0
2019.08.07,20:00,0.67624,0.67700,0.67559,0.67567,0
2019.08.08,00:00,0.67568,0.67822,0.67461,0.67736,0
2019.08.08,04:00,0.67737,0.67801,0.67661,0.67800,0
2019.08.08,08:00,0.67797,0.67897,0.67760,0.67855,0
2019.08.08,12:00,0.67853,0.68210,0.67841,0.68101,0
2019.08.08,16:00,0.68102,0.68177,0.68038,0.68063,0
2019.08.08,20:00,0.68063,0.68152,0.67815,0.68103,0
2019.08.09,00:00,0.68101,0.68169,0.67899,0.68052,0
2019.08.09,04:00,0.68051,0.68175,0.68030,0.68070,0
2019.08.09,08:00,0.68068,0.68132,0.67999,0.68061,0
2019.08.09,12:00,0.68062,0.68160,0.67934,0.67948,0
2019.08.09,16:00,0.67949,0.67997,0.67827,0.67829,0
2019.08.09,20:00,0.67828,0.67847,0.67796,0.67846,0
2019.08.11,21:00,0.67828,0.67845,0.67754,0.67769,0
2019.08.12,00:00,0.67771,0.67952,0.67701,0.67877,0
2019.08.12,04:00,0.67878,0.67909,0.67746,0.67757,0
2019.08.12,08:00,0.67758,0.67763,0.67453,0.67456,0
2019.08.12,12:00,0.67455,0.67607,0.67447,0.67549,0
2019.08.12,16:00,0.67549,0.67560,0.67482,0.67519,0
2019.08.12,20:00,0.67519,0.67556,0.67480,0.67551,0
2019.08.13,00:00,0.67553,0.67636,0.67533,0.67590,0
2019.08.13,04:00,0.67591,0.67637,0.67519,0.67573,0
2019.08.13,08:00,0.67574,0.67736,0.67569,0.67657,0
2019.08.13,12:00,0.67656,0.68174,0.67470,0.67966,0
2019.08.13,16:00,0.67966,0.67992,0.67903,0.67948,0
2019.08.13,20:00,0.67948,0.67997,0.67918,0.67962,0
2019.08.14,00:00,0.67962,0.68078,0.67775,0.67932,0
2019.08.14,04:00,0.67933,0.67967,0.67728,0.67786,0
2019.08.14,08:00,0.67787,0.67812,0.67458,0.67487,0
2019.08.14,12:00,0.67487,0.67585,0.67353,0.67414,0
2019.08.14,16:00,0.67414,0.67513,0.67374,0.67459,0
2019.08.14,20:00,0.67461,0.67545,0.67456,0.67539,0
2019.08.15,00:00,0.67540,0.67861,0.67539,0.67802,0
2019.08.15,04:00,0.67803,0.67895,0.67733,0.67795,0
2019.08.15,08:00,0.67794,0.67802,0.67649,0.67748,0
2019.08.15,12:00,0.67747,0.67867,0.67704,0.67822,0
2019.08.15,16:00,0.67823,0.67841,0.67721,0.67788,0
2019.08.15,20:00,0.67787,0.67795,0.67706,0.67717,0
2019.08.16,00:00,0.67718,0.67948,0.67704,0.67904,0
2019.08.16,04:00,0.67905,0.67940,0.67785,0.67789,0
2019.08.16,08:00,0.67790,0.67908,0.67757,0.67883,0
2019.08.16,12:00,0.67882,0.67884,0.67719,0.67807,0
2019.08.16,16:00,0.67808,0.67893,0.67793,0.67796,0
2019.08.16,20:00,0.67797,0.67814,0.67753,0.67776,0
2019.08.18,21:00,0.67788,0.67860,0.67780,0.67855,0
2019.08.19,00:00,0.67856,0.67870,0.67736,0.67815,0
2019.08.19,04:00,0.67816,0.67884,0.67762,0.67773,0
2019.08.19,08:00,0.67771,0.67785,0.67668,0.67780,0
2019.08.19,12:00,0.67781,0.67809,0.67699,0.67708,0
2019.08.19,16:00,0.67708,0.67740,0.67616,0.67619,0
2019.08.19,20:00,0.67618,0.67673,0.67542,0.67549,0
2019.08.20,00:00,0.67550,0.67830,0.67550,0.67785,0
2019.08.20,04:00,0.67786,0.67946,0.67774,0.67779,0
2019.08.20,08:00,0.67780,0.67820,0.67707,0.67746,0
2019.08.20,12:00,0.67747,0.67852,0.67697,0.67757,0
2019.08.20,16:00,0.67758,0.67792,0.67734,0.67771,0
2019.08.20,20:00,0.67771,0.67781,0.67730,0.67732,0
2019.08.21,00:00,0.67733,0.67900,0.67728,0.67814,0
2019.08.21,04:00,0.67814,0.67845,0.67726,0.67772,0
2019.08.21,08:00,0.67773,0.67980,0.67772,0.67951,0
2019.08.21,12:00,0.67951,0.67986,0.67865,0.67911,0
2019.08.21,16:00,0.67911,0.67963,0.67729,0.67788,0
2019.08.21,20:00,0.67789,0.67868,0.67782,0.67840,0
2019.08.22,00:00,0.67839,0.67839,0.67633,0.67651,0
2019.08.22,04:00,0.67649,0.67762,0.67579,0.67742,0
2019.08.22,08:00,0.67741,0.67746,0.67601,0.67672,0
2019.08.22,12:00,0.67672,0.67742,0.67506,0.67626,0
2019.08.22,16:00,0.67627,0.67650,0.67557,0.67566,0
2019.08.22,20:00,0.67566,0.67596,0.67536,0.67552,0
2019.08.23,00:00,0.67553,0.67634,0.67453,0.67562,0
2019.08.23,04:00,0.67563,0.67607,0.67501,0.67541,0
2019.08.23,08:00,0.67541,0.67603,0.67530,0.67540,0
2019.08.23,12:00,0.67539,0.67770,0.67357,0.67469,0
2019.08.23,16:00,0.67470,0.67547,0.67458,0.67508,0
2019.08.23,20:00,0.67506,0.67547,0.67462,0.67487,0
2019.08.25,21:00,0.67374,0.67401,0.66898,0.67060,0
2019.08.26,00:00,0.67060,0.67492,0.67060,0.67413,0
2019.08.26,04:00,0.67415,0.67602,0.67260,0.67493,0
2019.08.26,08:00,0.67493,0.67693,0.67463,0.67649,0
2019.08.26,12:00,0.67648,0.67875,0.67597,0.67805,0
2019.08.26,16:00,0.67805,0.67854,0.67717,0.67731,0
2019.08.26,20:00,0.67729,0.67777,0.67684,0.67692,0
2019.08.27,00:00,0.67692,0.67763,0.67546,0.67605,0
2019.08.27,04:00,0.67606,0.67638,0.67471,0.67523,0
2019.08.27,08:00,0.67524,0.67661,0.67464,0.67627,0
2019.08.27,12:00,0.67625,0.67717,0.67508,0.67565,0
2019.08.27,16:00,0.67565,0.67584,0.67507,0.67520,0
2019.08.27,20:00,0.67521,0.67545,0.67485,0.67539,0
2019.08.28,00:00,0.67539,0.67616,0.67348,0.67367,0
2019.08.28,04:00,0.67368,0.67446,0.67346,0.67439,0
2019.08.28,08:00,0.67440,0.67516,0.67388,0.67461,0
2019.08.28,12:00,0.67463,0.67500,0.67357,0.67453,0
2019.08.28,16:00,0.67452,0.67463,0.67343,0.67344,0
2019.08.28,20:00,0.67344,0.67393,0.67323,0.67390,0
2019.08.29,00:00,0.67391,0.67436,0.67235,0.67277,0
2019.08.29,04:00,0.67277,0.67387,0.67166,0.67377,0
2019.08.29,08:00,0.67378,0.67520,0.67343,0.67497,0
2019.08.29,12:00,0.67496,0.67525,0.67263,0.67328,0
2019.08.29,16:00,0.67327,0.67356,0.67252,0.67273,0
2019.08.29,20:00,0.67272,0.67355,0.67262,0.67350,0
2019.08.30,00:00,0.67351,0.67354,0.67059,0.67155,0
2019.08.30,04:00,0.67156,0.67238,0.67094,0.67197,0
2019.08.30,08:00,0.67196,0.67301,0.67165,0.67293,0
2019.08.30,12:00,0.67293,0.67395,0.67172,0.67291,0
2019.08.30,16:00,0.67292,0.67339,0.67174,0.67338,0
2019.08.30,20:00,0.67336,0.67384,0.67326,0.67360,0
2019.09.01,21:00,0.67260,0.67337,0.67230,0.67253,0
2019.09.02,00:00,0.67254,0.67340,0.67184,0.67276,0
2019.09.02,04:00,0.67275,0.67309,0.67237,0.67285,0
2019.09.02,08:00,0.67285,0.67300,0.67132,0.67155,0
2019.09.02,12:00,0.67153,0.67290,0.67096,0.67155,0
2019.09.02,16:00,0.67155,0.67168,0.67128,0.67166,0
2019.09.02,20:00,0.67167,0.67192,0.67097,0.67111,0
2019.09.03,00:00,0.67112,0.67139,0.66872,0.66959,0
2019.09.03,04:00,0.66958,0.67248,0.66923,0.67208,0
2019.09.03,08:00,0.67207,0.67339,0.67191,0.67312,0
2019.09.03,12:00,0.67312,0.67573,0.67277,0.67570,0
2019.09.03,16:00,0.67570,0.67631,0.67528,0.67578,0
2019.09.03,20:00,0.67577,0.67637,0.67535,0.67626,0
2019.09.04,00:00,0.67627,0.67831,0.67587,0.67804,0
2019.09.04,04:00,0.67804,0.67831,0.67701,0.67830,0
2019.09.04,08:00,0.67830,0.67916,0.67792,0.67912,0
2019.09.04,12:00,0.67912,0.67983,0.67819,0.67950,0
2019.09.04,16:00,0.67949,0.68003,0.67928,0.67967,0
2019.09.04,20:00,0.67970,0.67991,0.67937,0.67961,0
2019.09.05,00:00,0.67961,0.68246,0.67961,0.68185,0
2019.09.05,04:00,0.68186,0.68212,0.68066,0.68128,0
2019.09.05,08:00,0.68129,0.68254,0.68088,0.68250,0
2019.09.05,12:00,0.68251,0.68292,0.68076,0.68199,0
2019.09.05,16:00,0.68199,0.68235,0.68135,0.68167,0
2019.09.05,20:00,0.68164,0.68189,0.68095,0.68112,0
2019.09.06,00:00,0.68112,0.68211,0.68067,0.68202,0
2019.09.06,04:00,0.68202,0.68324,0.68159,0.68299,0
2019.09.06,08:00,0.68299,0.68385,0.68266,0.68301,0
2019.09.06,12:00,0.68301,0.68609,0.68301,0.68562,0
2019.09.06,16:00,0.68560,0.68586,0.68437,0.68466,0
2019.09.06,20:00,0.68465,0.68499,0.68460,0.68477,0
2019.09.08,21:00,0.68402,0.68487,0.68402,0.68455,0
2019.09.09,00:00,0.68455,0.68542,0.68371,0.68535,0
2019.09.09,04:00,0.68535,0.68618,0.68525,0.68550,0
2019.09.09,08:00,0.68549,0.68717,0.68543,0.68693,0
2019.09.09,12:00,0.68693,0.68749,0.68654,0.68736,0
2019.09.09,16:00,0.68734,0.68753,0.68609,0.68633,0
2019.09.09,20:00,0.68632,0.68657,0.68602,0.68635,0
2019.09.10,00:00,0.68634,0.68684,0.68501,0.68546,0
2019.09.10,04:00,0.68547,0.68686,0.68521,0.68625,0
2019.09.10,08:00,0.68625,0.68627,0.68524,0.68532,0
2019.09.10,12:00,0.68531,0.68687,0.68484,0.68675,0
2019.09.10,16:00,0.68676,0.68696,0.68566,0.68605,0
2019.09.10,20:00,0.68604,0.68624,0.68574,0.68574,0
2019.09.11,00:00,0.68575,0.68664,0.68484,0.68629,0
2019.09.11,04:00,0.68631,0.68839,0.68614,0.68679,0
2019.09.11,08:00,0.68679,0.68696,0.68604,0.68665,0
2019.09.11,12:00,0.68665,0.68707,0.68554,0.68567,0
2019.09.11,16:00,0.68568,0.68626,0.68559,0.68620,0
2019.09.11,20:00,0.68619,0.68756,0.68601,0.68743,0
2019.09.12,00:00,0.68745,0.68846,0.68672,0.68805,0
2019.09.12,04:00,0.68805,0.68867,0.68790,0.68840,0
2019.09.12,08:00,0.68842,0.68867,0.68748,0.68787,0
2019.09.12,12:00,0.68786,0.68938,0.68620,0.68706,0
2019.09.12,16:00,0.68705,0.68808,0.68602,0.68627,0
2019.09.12,20:00,0.68627,0.68665,0.68613,0.68624,0
2019.09.13,00:00,0.68625,0.68733,0.68587,0.68721,0
2019.09.13,04:00,0.68721,0.68754,0.68675,0.68693,0
2019.09.13,08:00,0.68693,0.68775,0.68677,0.68759,0
2019.09.13,12:00,0.68760,0.68900,0.68647,0.68858,0
2019.09.13,16:00,0.68857,0.68861,0.68773,0.68808,0
2019.09.13,20:00,0.68808,0.68847,0.68782,0.68788,0
2019.09.15,21:00,0.68648,0.68829,0.68639,0.68774,0
2019.09.16,00:00,0.68774,0.68789,0.68654,0.68776,0
2019.09.16,04:00,0.68777,0.68791,0.68672,0.68760,0
2019.09.16,08:00,0.68762,0.68832,0.68665,0.68667,0
2019.09.16,12:00,0.68668,0.68729,0.68537,0.68642,0
2019.09.16,16:00,0.68641,0.68696,0.68591,0.68654,0
2019.09.16,20:00,0.68655,0.68691,0.68605,0.68611,0
2019.09.17,00:00,0.68611,0.68647,0.68344,0.68391,0
2019.09.17,04:00,0.68391,0.68419,0.68302,0.68417,0
2019.09.17,08:00,0.68416,0.68450,0.68313,0.68422,0
2019.09.17,12:00,0.68422,0.68595,0.68332,0.68572,0
2019.09.17,16:00,0.68571,0.68673,0.68542,0.68656,0
2019.09.17,20:00,0.68655,0.68680,0.68621,0.68651,0
2019.09.18,00:00,0.68653,0.68659,0.68472,0.68482,0
2019.09.18,04:00,0.68483,0.68507,0.68345,0.68361,0
2019.09.18,08:00,0.68361,0.68397,0.68285,0.68395,0
2019.09.18,12:00,0.68394,0.68466,0.68374,0.68427,0
2019.09.18,16:00,0.68428,0.68574,0.68120,0.68311,0
2019.09.18,20:00,0.68312,0.68319,0.68227,0.68228,0
2019.09.19,00:00,0.68227,0.68234,0.67813,0.67892,0
2019.09.19,04:00,0.67894,0.67914,0.67800,0.67878,0
2019.09.19,08:00,0.67879,0.67975,0.67866,0.67918,0
2019.09.19,12:00,0.67918,0.68039,0.67898,0.67940,0
2019.09.19,16:00,0.67941,0.68082,0.67928,0.67938,0
2019.09.19,20:00,0.67939,0.67959,0.67906,0.67907,0
2019.09.20,00:00,0.67906,0.67961,0.67783,0.67959,0
2019.09.20,04:00,0.67959,0.68081,0.67936,0.68029,0
2019.09.20,08:00,0.68030,0.68047,0.67862,0.67893,0
2019.09.20,12:00,0.67895,0.67922,0.67661,0.67687,0
2019.09.20,16:00,0.67686,0.67699,0.67598,0.67628,0
2019.09.20,20:00,0.67626,0.67650,0.67602,0.67635,0
2019.09.22,21:00,0.67691,0.67726,0.67646,0.67681,0
2019.09.23,00:00,0.67681,0.67809,0.67659,0.67786,0
2019.09.23,04:00,0.67786,0.67789,0.67651,0.67658,0
2019.09.23,08:00,0.67659,0.67730,0.67650,0.67696,0
2019.09.23,12:00,0.67694,0.67767,0.67659,0.67705,0
2019.09.23,16:00,0.67705,0.67755,0.67673,0.67726,0
2019.09.23,20:00,0.67725,0.67774,0.67696,0.67729,0
2019.09.24,00:00,0.67728,0.67780,0.67648,0.67726,0
2019.09.24,04:00,0.67727,0.67854,0.67705,0.67798,0
2019.09.24,08:00,0.67799,0.68054,0.67775,0.67942,0
2019.09.24,12:00,0.67941,0.68042,0.67883,0.67913,0
2019.09.24,16:00,0.67912,0.68023,0.67899,0.67984,0
2019.09.24,20:00,0.67984,0.68017,0.67968,0.67969,0
2019.09.25,00:00,0.67969,0.68030,0.67830,0.67849,0
2019.09.25,04:00,0.67848,0.67871,0.67728,0.67788,0
2019.09.25,08:00,0.67788,0.67821,0.67646,0.67651,0
2019.09.25,12:00,0.67651,0.67666,0.67386,0.67485,0
2019.09.25,16:00,0.67487,0.67568,0.67450,0.67515,0
2019.09.25,20:00,0.67516,0.67565,0.67477,0.67538,0
2019.09.26,00:00,0.67537,0.67600,0.67463,0.67576,0
2019.09.26,04:00,0.67577,0.67638,0.67481,0.67561,0
2019.09.26,08:00,0.67562,0.67640,0.67510,0.67625,0
2019.09.26,12:00,0.67626,0.67801,0.67530,0.67533,0
2019.09.26,16:00,0.67533,0.67553,0.67479,0.67493,0
2019.09.26,20:00,0.67497,0.67537,0.67457,0.67527,0
2019.09.27,00:00,0.67525,0.67582,0.67431,0.67578,0
2019.09.27,04:00,0.67577,0.67629,0.67537,0.67567,0
2019.09.27,08:00,0.67569,0.67628,0.67466,0.67548,0
2019.09.27,12:00,0.67547,0.67787,0.67525,0.67620,0
2019.09.27,16:00,0.67621,0.67641,0.67547,0.67633,0
2019.09.27,20:00,0.67633,0.67673,0.67631,0.67647,0
2019.09.29,21:00,0.67600,0.67651,0.67568,0.67607,0
2019.09.30,00:00,0.67607,0.67677,0.67536,0.67571,0
2019.09.30,04:00,0.67572,0.67575,0.67451,0.67524,0
2019.09.30,08:00,0.67524,0.67580,0.67466,0.67578,0
2019.09.30,12:00,0.67580,0.67634,0.67411,0.67453,0
2019.09.30,16:00,0.67454,0.67529,0.67446,0.67488,0
2019.09.30,20:00,0.67488,0.67515,0.67480,0.67500,0
2019.10.01,00:00,0.67500,0.67589,0.67327,0.67397,0
2019.10.01,04:00,0.67397,0.67743,0.66991,0.66993,0
2019.10.01,08:00,0.66994,0.67076,0.66938,0.66974,0
2019.10.01,12:00,0.66974,0.67021,0.66716,0.67021,0
2019.10.01,16:00,0.67020,0.67054,0.66973,0.67044,0
2019.10.01,20:00,0.67042,0.67114,0.66988,0.67071,0
2019.10.02,00:00,0.67073,0.67180,0.67067,0.67169,0
2019.10.02,04:00,0.67170,0.67170,0.66953,0.67029,0
2019.10.02,08:00,0.67029,0.67029,0.66706,0.66821,0
2019.10.02,12:00,0.66823,0.67036,0.66784,0.66973,0
2019.10.02,16:00,0.66974,0.67084,0.66931,0.67056,0
2019.10.02,20:00,0.67055,0.67095,0.67028,0.67076,0
2019.10.03,00:00,0.67078,0.67165,0.67071,0.67134,0
2019.10.03,04:00,0.67133,0.67191,0.67026,0.67095,0
2019.10.03,08:00,0.67094,0.67270,0.67070,0.67196,0
2019.10.03,12:00,0.67197,0.67525,0.67173,0.67502,0
2019.10.03,16:00,0.67502,0.67520,0.67388,0.67416,0
2019.10.03,20:00,0.67415,0.67481,0.67389,0.67442,0
2019.10.04,00:00,0.67441,0.67587,0.67434,0.67534,0
2019.10.04,04:00,0.67533,0.67585,0.67483,0.67535,0
2019.10.04,08:00,0.67536,0.67648,0.67534,0.67612,0
2019.10.04,12:00,0.67613,0.67690,0.67442,0.67629,0
2019.10.04,16:00,0.67630,0.67733,0.67620,0.67700,0
2019.10.04,20:00,0.67699,0.67703,0.67652,0.67682,0
2019.10.06,21:00,0.67558,0.67649,0.67556,0.67630,0
2019.10.07,00:00,0.67632,0.67639,0.67472,0.67499,0
2019.10.07,04:00,0.67500,0.67544,0.67462,0.67500,0
2019.10.07,08:00,0.67501,0.67506,0.67316,0.67393,0
2019.10.07,12:00,0.67393,0.67500,0.67362,0.67403,0
2019.10.07,16:00,0.67403,0.67438,0.67295,0.67307,0
2019.10.07,20:00,0.67307,0.67326,0.67283,0.67316,0
2019.10.08,00:00,0.67318,0.67487,0.67283,0.67451,0
2019.10.08,04:00,0.67452,0.67563,0.67444,0.67444,0
2019.10.08,08:00,0.67444,0.67552,0.67362,0.67446,0
2019.10.08,12:00,0.67446,0.67483,0.67230,0.67257,0
2019.10.08,16:00,0.67258,0.67353,0.67243,0.67309,0
2019.10.08,20:00,0.67307,0.67320,0.67227,0.67278,0
2019.10.09,00:00,0.67279,0.67423,0.67254,0.67399,0
2019.10.09,04:00,0.67400,0.67444,0.67308,0.67404,0
2019.10.09,08:00,0.67402,0.67489,0.67384,0.67432,0
2019.10.09,12:00,0.67433,0.67482,0.67264,0.67286,0
2019.10.09,16:00,0.67286,0.67330,0.67239,0.67268,0
2019.10.09,20:00,0.67270,0.67271,0.67100,0.67184,0
2019.10.10,00:00,0.67185,0.67553,0.67130,0.67480,0
2019.10.10,04:00,0.67480,0.67518,0.67420,0.67467,0
2019.10.10,08:00,0.67467,0.67686,0.67449,0.67611,0
2019.10.10,12:00,0.67612,0.67692,0.67476,0.67682,0
2019.10.10,16:00,0.67683,0.67737,0.67593,0.67619,0
2019.10.10,20:00,0.67618,0.67636,0.67530,0.67621,0
2019.10.11,00:00,0.67621,0.67813,0.67591,0.67789,0
2019.10.11,04:00,0.67790,0.67867,0.67708,0.67865,0
2019.10.11,08:00,0.67865,0.68045,0.67849,0.68030,0
2019.10.11,12:00,0.68029,0.68100,0.67893,0.68031,0
2019.10.11,16:00,0.68032,0.68055,0.67913,0.67918,0
2019.10.11,20:00,0.67918,0.67941,0.67887,0.67917,0
2019.10.13,21:00,0.67881,0.67965,0.67879,0.67965,0
2019.10.14,00:00,0.67969,0.68006,0.67711,0.67880,0
2019.10.14,04:00,0.67879,0.67909,0.67637,0.67638,0
2019.10.14,08:00,0.67639,0.67665,0.67514,0.67546,0
2019.10.14,12:00,0.67546,0.67696,0.67507,0.67681,0
2019.10.14,16:00,0.67682,0.67782,0.67670,0.67736,0
2019.10.14,20:00,0.67737,0.67782,0.67720,0.67746,0
2019.10.15,00:00,0.67744,0.67882,0.67643,0.67755,0
2019.10.15,04:00,0.67756,0.67761,0.67637,0.67647,0
2019.10.15,08:00,0.67645,0.67700,0.67521,0.67546,0
2019.10.15,12:00,0.67543,0.67685,0.67422,0.67564,0
2019.10.15,16:00,0.67563,0.67590,0.67486,0.67515,0
2019.10.15,20:00,0.67516,0.67581,0.67476,0.67527,0
2019.10.16,00:00,0.67526,0.67529,0.67266,0.67310,0
2019.10.16,04:00,0.67311,0.67452,0.67306,0.67323,0
2019.10.16,08:00,0.67324,0.67431,0.67268,0.67271,0
2019.10.16,12:00,0.67270,0.67542,0.67232,0.67540,0
2019.10.16,16:00,0.67541,0.67651,0.67541,0.67603,0
2019.10.16,20:00,0.67602,0.67626,0.67528,0.67555,0
2019.10.17,00:00,0.67554,0.67908,0.67534,0.67836,0
2019.10.17,04:00,0.67835,0.67905,0.67755,0.67898,0
2019.10.17,08:00,0.67898,0.68325,0.67888,0.68281,0
2019.10.17,12:00,0.68279,0.68304,0.68137,0.68241,0
2019.10.17,16:00,0.68242,0.68274,0.68193,0.68252,0
2019.10.17,20:00,0.68252,0.68308,0.68210,0.68243,0
2019.10.18,00:00,0.68242,0.68377,0.68225,0.68302,0
2019.10.18,04:00,0.68301,0.68348,0.68274,0.68339,0
2019.10.18,08:00,0.68338,0.68458,0.68327,0.68442,0
2019.10.18,12:00,0.68443,0.68521,0.68418,0.68458,0
2019.10.18,16:00,0.68456,0.68560,0.68383,0.68528,0
2019.10.18,20:00,0.68529,0.68565,0.68528,0.68559,0
2019.10.20,21:00,0.68516,0.68520,0.68399,0.68478,0
2019.10.21,00:00,0.68478,0.68651,0.68477,0.68625,0
2019.10.21,04:00,0.68625,0.68692,0.68572,0.68683,0
2019.10.21,08:00,0.68683,0.68795,0.68665,0.68790,0
2019.10.21,12:00,0.68789,0.68796,0.68617,0.68659,0
2019.10.21,16:00,0.68660,0.68718,0.68619,0.68666,0
2019.10.21,20:00,0.68667,0.68699,0.68637,0.68699,0
2019.10.22,00:00,0.68699,0.68821,0.68626,0.68735,0
2019.10.22,04:00,0.68734,0.68803,0.68667,0.68678,0
2019.10.22,08:00,0.68678,0.68703,0.68542,0.68543,0
2019.10.22,12:00,0.68544,0.68687,0.68501,0.68628,0
2019.10.22,16:00,0.68627,0.68695,0.68502,0.68585,0
2019.10.22,20:00,0.68587,0.68619,0.68509,0.68601,0
2019.10.23,00:00,0.68601,0.68602,0.68338,0.68382,0
2019.10.23,04:00,0.68383,0.68478,0.68360,0.68420,0
2019.10.23,08:00,0.68420,0.68461,0.68367,0.68423,0
2019.10.23,12:00,0.68422,0.68492,0.68380,0.68462,0
2019.10.23,16:00,0.68463,0.68567,0.68432,0.68530,0
2019.10.23,20:00,0.68532,0.68541,0.68493,0.68494,0
2019.10.24,00:00,0.68494,0.68568,0.68436,0.68471,0
2019.10.24,04:00,0.68470,0.68484,0.68369,0.68408,0
2019.10.24,08:00,0.68407,0.68407,0.68247,0.68341,0
2019.10.24,12:00,0.68340,0.68441,0.68129,0.68161,0
2019.10.24,16:00,0.68161,0.68226,0.68106,0.68169,0
2019.10.24,20:00,0.68170,0.68200,0.68122,0.68156,0
2019.10.25,00:00,0.68156,0.68201,0.68090,0.68175,0
2019.10.25,04:00,0.68175,0.68314,0.68161,0.68309,0
2019.10.25,08:00,0.68309,0.68330,0.68214,0.68240,0
2019.10.25,12:00,0.68241,0.68356,0.68206,0.68286,0
2019.10.25,16:00,0.68286,0.68298,0.68176,0.68226,0
2019.10.25,20:00,0.68225,0.68225,0.68184,0.68210,0
2019.10.27,21:00,0.68196,0.68244,0.68185,0.68219,0
2019.10.28,00:00,0.68218,0.68243,0.68105,0.68130,0
2019.10.28,04:00,0.68132,0.68203,0.68126,0.68192,0
2019.10.28,08:00,0.68191,0.68331,0.68177,0.68269,0
2019.10.28,12:00,0.68271,0.68383,0.68211,0.68383,0
2019.10.28,16:00,0.68384,0.68449,0.68346,0.68400,0
2019.10.28,20:00,0.68400,0.68401,0.68350,0.68388,0
2019.10.29,00:00,0.68388,0.68508,0.68380,0.68475,0
2019.10.29,04:00,0.68476,0.68590,0.68450,0.68528,0
2019.10.29,08:00,0.68529,0.68540,0.68426,0.68512,0
2019.10.29,12:00,0.68512,0.68713,0.68487,0.68611,0
2019.10.29,16:00,0.68613,0.68651,0.68568,0.68642,0
2019.10.29,20:00,0.68642,0.68658,0.68545,0.68553,0
2019.10.30,00:00,0.68555,0.68710,0.68483,0.68586,0
2019.10.30,04:00,0.68586,0.68734,0.68574,0.68711,0
2019.10.30,08:00,0.68714,0.68750,0.68600,0.68637,0
2019.10.30,12:00,0.68636,0.68721,0.68532,0.68709,0
2019.10.30,16:00,0.68709,0.68944,0.68488,0.68921,0
2019.10.30,20:00,0.68920,0.69017,0.68914,0.68968,0
2019.10.31,00:00,0.68969,0.69279,0.68969,0.69257,0
2019.10.31,04:00,0.69258,0.69290,0.69145,0.69188,0
2019.10.31,08:00,0.69188,0.69210,0.68877,0.68937,0
2019.10.31,12:00,0.68938,0.69137,0.68870,0.68881,0
2019.10.31,16:00,0.68877,0.68929,0.68829,0.68927,0
2019.10.31,20:00,0.68928,0.68938,0.68861,0.68911,0
2019.11.01,00:00,0.68911,0.69090,0.68836,0.69073,0
2019.11.01,04:00,0.69071,0.69095,0.69008,0.69068,0
2019.11.01,08:00,0.69069,0.69112,0.68919,0.69000,0
2019.11.01,12:00,0.68998,0.69203,0.68897,0.69123,0
2019.11.01,16:00,0.69125,0.69166,0.69054,0.69129,0
2019.11.01,20:00,0.69129,0.69143,0.69115,0.69128,0
2019.11.03,22:05,0.69121,0.69145,0.69064,0.69144,0
2019.11.04,00:00,0.69145,0.69227,0.69038,0.69202,0
2019.11.04,04:00,0.69202,0.69244,0.69154,0.69227,0
2019.11.04,08:00,0.69226,0.69227,0.69052,0.69120,0
2019.11.04,12:00,0.69119,0.69124,0.68989,0.69007,0
2019.11.04,16:00,0.69008,0.69023,0.68768,0.68807,0
2019.11.04,20:00,0.68806,0.68900,0.68760,0.68883,0
2019.11.05,00:00,0.68883,0.69041,0.68771,0.69021,0
2019.11.05,04:00,0.69019,0.69162,0.68972,0.69108,0
2019.11.05,08:00,0.69108,0.69276,0.69102,0.69198,0
2019.11.05,12:00,0.69197,0.69197,0.68838,0.68948,0
2019.11.05,16:00,0.68948,0.69000,0.68890,0.68906,0
2019.11.05,20:00,0.68905,0.68960,0.68891,0.68894,0
2019.11.06,00:00,0.68892,0.68999,0.68857,0.68962,0
2019.11.06,04:00,0.68962,0.68995,0.68839,0.68921,0
2019.11.06,08:00,0.68922,0.69068,0.68897,0.68981,0
2019.11.06,12:00,0.68981,0.69033,0.68886,0.68912,0
2019.11.06,16:00,0.68910,0.68935,0.68688,0.68784,0
2019.11.06,20:00,0.68783,0.68847,0.68759,0.68759,0
2019.11.07,00:00,0.68759,0.68831,0.68613,0.68647,0
2019.11.07,04:00,0.68645,0.68957,0.68635,0.68890,0
2019.11.07,08:00,0.68889,0.69110,0.68878,0.68974,0
2019.11.07,12:00,0.68973,0.69039,0.68831,0.68856,0
2019.11.07,16:00,0.68857,0.69125,0.68817,0.68999,0
2019.11.07,20:00,0.68998,0.69011,0.68884,0.68985,0
2019.11.08,00:00,0.68985,0.69055,0.68752,0.68841,0
2019.11.08,04:00,0.68840,0.68840,0.68762,0.68806,0
2019.11.08,08:00,0.68807,0.68862,0.68615,0.68654,0
2019.11.08,12:00,0.68654,0.68702,0.68507,0.68594,0
2019.11.08,16:00,0.68595,0.68595,0.68472,0.68542,0
2019.11.08,20:00,0.68541,0.68593,0.68541,0.68584,0
2019.11.10,22:05,0.68566,0.68605,0.68550,0.68571,0
2019.11.11,00:00,0.68572,0.68601,0.68480,0.68548,0
2019.11.11,04:00,0.68549,0.68580,0.68486,0.68575,0
2019.11.11,08:00,0.68577,0.68647,0.68525,0.68526,0
2019.11.11,12:00,0.68527,0.68565,0.68466,0.68483,0
2019.11.11,16:00,0.68484,0.68575,0.68473,0.68525,0
2019.11.11,20:00,0.68526,0.68532,0.68450,0.68480,0
2019.11.12,00:00,0.68479,0.68534,0.68329,0.68422,0
2019.11.12,04:00,0.68424,0.68567,0.68405,0.68511,0
2019.11.12,08:00,0.68510,0.68510,0.68335,0.68394,0
2019.11.12,12:00,0.6845,0.6853,0.6835,0.6850,1050
2019.11.12,16:00,0.6851,0.6852,0.6833,0.6848,1046
2019.11.12,20:00,0.6847,0.6850,0.6840,0.6844,808
2019.11.13,00:00,0.6843,0.6860,0.6833,0.6842,1089
2019.11.13,04:00,0.6841,0.6848,0.6836,0.6845,921
2019.11.13,08:00,0.6846,0.6852,0.6827,0.6829,1034
2019.11.13,12:00,0.6830,0.6833,0.6823,0.6831,990
2019.11.13,16:00,0.6830,0.6838,0.6825,0.6833,974
2019.11.13,20:00,0.6834,0.6841,0.6832,0.6841,716
2019.11.14,00:00,0.6840,0.6844,0.6805,0.6810,1039
2019.11.14,04:00,0.6809,0.6809,0.6797,0.6806,1014
2019.11.14,08:00,0.6805,0.6809,0.6795,0.6795,1159
2019.11.14,12:00,0.6796,0.6802,0.6778,0.6780,1094
2019.11.14,16:00,0.6779,0.6786,0.6771,0.6786,1106
2019.11.14,20:00,0.6785,0.6790,0.6781,0.6789,781
2019.11.15,00:00,0.6788,0.6801,0.6785,0.6800,854
2019.11.15,04:00,0.6799,0.6801,0.6792,0.6793,767
2019.11.15,08:00,0.6792,0.6801,0.6785,0.6790,903
2019.11.15,12:00,0.6789,0.6808,0.6782,0.6808,954
2019.11.15,16:00,0.6807,0.6819,0.6804,0.6817,928
2019.11.15,20:00,0.6816,0.6825,0.6815,0.6820,657
2019.11.18,00:00,0.6819,0.6822,0.6812,0.6818,717
2019.11.18,04:00,0.6819,0.6822,0.6809,0.6813,749
2019.11.18,08:00,0.6812,0.6822,0.6811,0.6814,953
2019.11.18,12:00,0.6813,0.6818,0.6800,0.6806,838
2019.11.18,16:00,0.6805,0.6825,0.6803,0.6823,905
2019.11.18,20:00,0.6822,0.6823,0.6809,0.6812,625
2019.11.19,00:00,0.6813,0.6815,0.6786,0.6794,1013
2019.11.19,04:00,0.6795,0.6803,0.6790,0.6801,711
2019.11.19,08:00,0.6800,0.6816,0.6799,0.6815,888
2019.11.19,12:00,0.6814,0.6835,0.6811,0.6831,896
2019.11.19,16:00,0.6832,0.6837,0.6823,0.6829,968
2019.11.19,20:00,0.6830,0.6831,0.6826,0.6830,627
2019.11.20,00:00,0.6829,0.6834,0.6812,0.6817,1009
2019.11.20,04:00,0.6816,0.6824,0.6815,0.6818,715
2019.11.20,08:00,0.6817,0.6825,0.6802,0.6814,958
2019.11.20,12:00,0.6813,0.6818,0.6809,0.6814,920
2019.11.20,16:00,0.6813,0.6824,0.6795,0.6798,999
2019.11.20,20:00,0.6797,0.6805,0.6791,0.6805,825
2019.11.21,00:00,0.6804,0.6806,0.6788,0.6791,1005
2019.11.21,04:00,0.6790,0.6807,0.6790,0.6801,1082
2019.11.21,08:00,0.6800,0.6810,0.6795,0.6806,1037
2019.11.21,12:00,0.6807,0.6817,0.6804,0.6806,992
2019.11.21,16:00,0.6805,0.6808,0.6790,0.6792,1046
2019.11.21,20:00,0.6791,0.6792,0.6785,0.6789,653
2019.11.22,00:00,0.6790,0.6798,0.6787,0.6795,776
2019.11.22,04:00,0.6794,0.6796,0.6787,0.6788,711
2019.11.22,08:00,0.6787,0.6806,0.6786,0.6794,1042
2019.11.22,12:00,0.6793,0.6798,0.6785,0.6796,940
2019.11.22,16:00,0.6795,0.6797,0.6782,0.6785,955
2019.11.22,20:00,0.6784,0.6789,0.6783,0.6786,644
2019.11.25,00:00,0.6788,0.6802,0.6788,0.6800,762
2019.11.25,04:00,0.6801,0.6802,0.6795,0.6799,719
2019.11.25,08:00,0.6798,0.6800,0.6787,0.6791,930
2019.11.25,12:00,0.6790,0.6795,0.6776,0.6785,916
2019.11.25,16:00,0.6784,0.6785,0.6770,0.6774,964
2019.11.25,20:00,0.6773,0.6782,0.6772,0.6780,756
2019.11.26,00:00,0.6781,0.6789,0.6773,0.6780,944
2019.11.26,04:00,0.6779,0.6786,0.6775,0.6786,940
2019.11.26,08:00,0.6785,0.6798,0.6771,0.6782,1197
2019.11.26,12:00,0.6781,0.6788,0.6776,0.6783,979
2019.11.26,16:00,0.6784,0.6792,0.6773,0.6790,1089
2019.11.26,20:00,0.6789,0.6792,0.6786,0.6789,781
2019.11.27,00:00,0.6790,0.6792,0.6784,0.6790,847
2019.11.27,04:00,0.6789,0.6794,0.6773,0.6778,840
2019.11.27,08:00,0.6777,0.6788,0.6775,0.6787,957
2019.11.27,12:00,0.6786,0.6792,0.6782,0.6787,992
2019.11.27,16:00,0.6786,0.6788,0.6776,0.6780,1067
2019.11.27,20:00,0.6779,0.6784,0.6774,0.6778,744
2019.11.28,00:00,0.6776,0.6781,0.6762,0.6773,1004
2019.11.28,04:00,0.6772,0.6773,0.6763,0.6767,690
2019.11.28,08:00,0.6768,0.6771,0.6763,0.6766,863
2019.11.28,12:00,0.6765,0.6775,0.6765,0.6773,883
2019.11.28,16:00,0.6772,0.6774,0.6765,0.6768,645
2019.11.28,20:00,0.6767,0.6772,0.6766,0.6770,563
2019.11.29,00:00,0.6771,0.6774,0.6765,0.6769,823
2019.11.29,04:00,0.6768,0.6780,0.6766,0.6776,843
2019.11.29,08:00,0.6777,0.6782,0.6774,0.6779,821
2019.11.29,12:00,0.6780,0.6781,0.6765,0.6766,862
2019.11.29,16:00,0.6765,0.6770,0.6756,0.6766,1084
2019.11.29,20:00,0.6767,0.6771,0.6761,0.6765,564
2019.12.02,00:00,0.6771,0.6777,0.6763,0.6774,849
2019.12.02,04:00,0.6775,0.6780,0.6772,0.6779,724
2019.12.02,08:00,0.6778,0.6790,0.6774,0.6788,887
2019.12.02,12:00,0.6787,0.6798,0.6785,0.6797,901
2019.12.02,16:00,0.6796,0.6825,0.6795,0.6818,1072
2019.12.02,20:00,0.6817,0.6828,0.6817,0.6819,790
2019.12.03,00:00,0.6818,0.6827,0.6817,0.6820,791
2019.12.03,04:00,0.6819,0.6850,0.6817,0.6847,941
2019.12.03,08:00,0.6846,0.6864,0.6839,0.6862,967
2019.12.03,12:00,0.6861,0.6865,0.6838,0.6840,1032
2019.12.03,16:00,0.6839,0.6851,0.6836,0.6845,1109
2019.12.03,20:00,0.6844,0.6851,0.6841,0.6849,731
2019.12.04,00:00,0.6848,0.6856,0.6832,0.6840,1039
2019.12.04,04:00,0.6839,0.6841,0.6823,0.6825,779
2019.12.04,08:00,0.6824,0.6835,0.6815,0.6831,1048
2019.12.04,12:00,0.6830,0.6849,0.6825,0.6848,949
2019.12.04,16:00,0.6847,0.6858,0.6843,0.6855,1009
2019.12.04,20:00,0.6854,0.6856,0.6849,0.6850,647
2019.12.05,00:00,0.6851,0.6857,0.6835,0.6849,1036
2019.12.05,04:00,0.6848,0.6852,0.6837,0.6843,791
2019.12.05,08:00,0.6842,0.6850,0.6832,0.6834,935
2019.12.05,12:00,0.6835,0.6837,0.6825,0.6827,889
2019.12.05,16:00,0.6826,0.6839,0.6823,0.6838,953
2019.12.05,20:00,0.6837,0.6840,0.6831,0.6835,716
2019.12.06,00:00,0.6836,0.6843,0.6831,0.6840,873
2019.12.06,04:00,0.6839,0.6846,0.6838,0.6843,789
2019.12.06,08:00,0.6842,0.6849,0.6841,0.6847,905
2019.12.06,12:00,0.6848,0.6860,0.6836,0.6847,903
2019.12.06,16:00,0.6848,0.6849,0.6825,0.6843,1064
2019.12.06,20:00,0.6842,0.6846,0.6837,0.6844,594
2019.12.09,00:00,0.6842,0.6842,0.6831,0.6836,825
2019.12.09,04:00,0.6835,0.6838,0.6831,0.6835,703
2019.12.09,08:00,0.6836,0.6838,0.6823,0.6828,883
2019.12.09,12:00,0.6827,0.6831,0.6822,0.6828,836
2019.12.09,16:00,0.6829,0.6838,0.6825,0.6833,891
2019.12.09,20:00,0.6832,0.6837,0.6822,0.6823,759
2019.12.10,00:00,0.6824,0.6832,0.6821,0.6831,862
2019.12.10,04:00,0.6830,0.6840,0.6823,0.6827,788
2019.12.10,08:00,0.6826,0.6832,0.6812,0.6817,894
2019.12.10,12:00,0.6816,0.6819,0.6802,0.6811,1040
2019.12.10,16:00,0.6812,0.6818,0.6808,0.6812,983
2019.12.10,20:00,0.6813,0.6819,0.6809,0.6809,747
2019.12.11,00:00,0.6811,0.6818,0.6807,0.6818,989
2019.12.11,04:00,0.6817,0.6821,0.6808,0.6820,810
2019.12.11,08:00,0.6819,0.6834,0.6818,0.6831,841
2019.12.11,12:00,0.6832,0.6849,0.6831,0.6847,912
2019.12.11,16:00,0.6846,0.6870,0.6845,0.6867,1020
2019.12.11,20:00,0.6866,0.6892,0.6863,0.6878,1035
2019.12.12,00:00,0.6877,0.6887,0.6869,0.6887,887
2019.12.12,04:00,0.6886,0.6892,0.6882,0.6884,709
2019.12.12,08:00,0.6883,0.6888,0.6879,0.6884,888
2019.12.12,12:00,0.6883,0.6898,0.6882,0.6896,1001
2019.12.12,16:00,0.6895,0.6911,0.6890,0.6895,1471
2019.12.12,20:00,0.6896,0.6916,0.6888,0.6912,1190
2019.12.13,00:00,0.6911,0.6941,0.6908,0.6926,1373
2019.12.13,04:00,0.6925,0.6932,0.6920,0.6924,926
2019.12.13,08:00,0.6923,0.6931,0.6914,0.6919,1055
2019.12.13,12:00,0.6918,0.6921,0.6908,0.6909,988
2019.12.13,16:00,0.6910,0.6918,0.6865,0.6869,1856
2019.12.13,20:00,0.6868,0.6879,0.6867,0.6879,771
2019.12.16,00:00,0.6887,0.6887,0.6872,0.6881,954
2019.12.16,04:00,0.6882,0.6889,0.6871,0.6873,822
2019.12.16,08:00,0.6872,0.6885,0.6870,0.6885,950
2019.12.16,12:00,0.6884,0.6900,0.6883,0.6900,813
2019.12.16,16:00,0.6899,0.6899,0.6887,0.6893,989
2019.12.16,20:00,0.6892,0.6896,0.6884,0.6887,818
2019.12.17,00:00,0.6886,0.6887,0.6866,0.6871,1077
2019.12.17,04:00,0.6870,0.6874,0.6864,0.6871,838
2019.12.17,08:00,0.6870,0.6872,0.6846,0.6851,1034
2019.12.17,12:00,0.6852,0.6858,0.6842,0.6843,1050
2019.12.16,16:00,0.6899,0.6899,0.6887,0.6893,989
2019.12.16,20:00,0.6892,0.6896,0.6884,0.6887,818
2019.12.17,00:00,0.6886,0.6887,0.6866,0.6871,1077
2019.12.17,04:00,0.6870,0.6874,0.6864,0.6871,838
2019.12.17,08:00,0.6870,0.6872,0.6846,0.6851,1034
2019.12.17,12:00,0.6852,0.6858,0.6842,0.6843,1050
2019.12.17,16:00,0.6844,0.6860,0.6840,0.6854,985
2019.12.17,20:00,0.6853,0.6863,0.6847,0.6853,737
2019.12.18,00:00,0.6852,0.6859,0.6845,0.6847,760
2019.12.18,04:00,0.6846,0.6853,0.6842,0.6853,722
2019.12.18,08:00,0.6852,0.6856,0.6841,0.6852,913
2019.12.18,12:00,0.6851,0.6862,0.6849,0.6852,908
2019.12.18,16:00,0.6851,0.6867,0.6850,0.6858,954
2019.12.18,20:00,0.6857,0.6859,0.6852,0.6853,764
2019.12.19,00:00,0.6854,0.6883,0.6850,0.6873,1063
2019.12.19,04:00,0.6872,0.6884,0.6871,0.6881,672
2019.12.19,08:00,0.6880,0.6886,0.6871,0.6877,928
2019.12.19,12:00,0.6876,0.6879,0.6863,0.6867,1019
2019.12.19,16:00,0.6866,0.6891,0.6863,0.6885,1104
2019.12.19,20:00,0.6884,0.6891,0.6883,0.6888,762
2019.12.20,00:00,0.6887,0.6901,0.6884,0.6901,810
2019.12.20,04:00,0.6900,0.6903,0.6888,0.6892,815
2019.12.20,08:00,0.6891,0.6900,0.6886,0.6895,891
2019.12.20,12:00,0.6894,0.6903,0.6892,0.6902,921
2019.12.20,16:00,0.6901,0.6909,0.6899,0.6904,1061
2019.12.20,20:00,0.6903,0.6907,0.6899,0.6901,805
2019.12.23,00:00,0.6899,0.6914,0.6895,0.6910,906
2019.12.23,04:00,0.6911,0.6915,0.6904,0.6908,876
2019.12.23,08:00,0.6907,0.6921,0.6905,0.6919,937
2019.12.23,12:00,0.6920,0.6931,0.6915,0.6920,1007
2019.12.23,16:00,0.6919,0.6923,0.6909,0.6922,1050
2019.12.23,20:00,0.6921,0.6927,0.6917,0.6924,856
2019.12.24,00:00,0.6923,0.6933,0.6914,0.6918,924
2019.12.24,04:00,0.6917,0.6924,0.6914,0.6920,789
2019.12.24,08:00,0.6919,0.6927,0.6917,0.6918,856
2019.12.24,12:00,0.6919,0.6923,0.6914,0.6923,889
2019.12.24,16:00,0.6922,0.6932,0.6919,0.6926,965
2019.12.24,20:00,0.6925,0.6928,0.6922,0.6926,166
2019.12.26,00:00,0.6925,0.6930,0.6924,0.6930,60
2019.12.26,04:00,0.6929,0.6931,0.6928,0.6929,157
2019.12.26,08:00,0.6930,0.6933,0.6927,0.6927,488
2019.12.26,12:00,0.6928,0.6934,0.6923,0.6932,533
2019.12.26,16:00,0.6933,0.6943,0.6931,0.6941,607
2019.12.26,20:00,0.6942,0.6952,0.6940,0.6947,665
2019.12.27,00:00,0.6948,0.6953,0.6943,0.6951,949
2019.12.27,04:00,0.6950,0.6958,0.6948,0.6954,917
2019.12.27,08:00,0.6955,0.6962,0.6948,0.6961,927
2019.12.27,12:00,0.6960,0.6981,0.6960,0.6974,1071
2019.12.27,16:00,0.6975,0.6988,0.6966,0.6978,1102
2019.12.27,20:00,0.6977,0.6990,0.6974,0.6984,791
2019.12.30,00:00,0.6982,0.6995,0.6977,0.6994,947
2019.12.30,04:00,0.6993,0.7002,0.6985,0.6996,1011
2019.12.30,08:00,0.6995,0.6999,0.6986,0.6999,1065
2019.12.30,12:00,0.6998,0.7002,0.6992,0.7001,952
2019.12.30,16:00,0.7000,0.7007,0.6992,0.7003,1178
2019.12.30,20:00,0.7002,0.7005,0.6994,0.6996,884
2019.12.31,00:00,0.6995,0.7009,0.6994,0.7008,921
2019.12.31,04:00,0.7007,0.7010,0.7001,0.7010,798
2019.12.31,08:00,0.7009,0.7015,0.7006,0.7013,879
2019.12.31,12:00,0.7014,0.7028,0.7010,0.7027,924
2019.12.31,16:00,0.7026,0.7035,0.7020,0.7027,1276
2020.01.02,04:00,0.7017,0.7017,0.6997,0.7004,444
2020.01.02,08:00,0.7003,0.7009,0.6997,0.7000,1000
2020.01.02,12:00,0.7001,0.7002,0.6985,0.6999,961
2020.01.02,16:00,0.7000,0.7006,0.6980,0.6986,1112
2020.01.02,20:00,0.6987,0.6994,0.6981,0.6994,731
2020.01.03,00:00,0.6995,0.6996,0.6976,0.6976,931
2020.01.03,04:00,0.6975,0.6980,0.6960,0.6963,1144
2020.01.03,08:00,0.6962,0.6966,0.6937,0.6940,1043
2020.01.03,12:00,0.6939,0.6958,0.6932,0.6948,1078
2020.01.03,16:00,0.6947,0.6968,0.6946,0.6966,1213
2020.01.03,20:00,0.6965,0.6966,0.6946,0.6951,837
2020.01.06,00:00,0.6949,0.6959,0.6935,0.6943,1082
2020.01.06,04:00,0.6942,0.6951,0.6938,0.6940,875
2020.01.06,08:00,0.6939,0.6958,0.6934,0.6958,1116
2020.01.06,12:00,0.6957,0.6960,0.6943,0.6947,1019
2020.01.06,16:00,0.6946,0.6948,0.6927,0.6938,1083
2020.01.06,20:00,0.6937,0.6944,0.6933,0.6941,684
2020.01.07,00:00,0.6940,0.6945,0.6929,0.6935,1028
2020.01.07,04:00,0.6934,0.6941,0.6915,0.6915,900
2020.01.07,08:00,0.6916,0.6922,0.6892,0.6896,1253
2020.01.07,12:00,0.6895,0.6896,0.6867,0.6869,1137
2020.01.07,16:00,0.6868,0.6875,0.6861,0.6871,1152
2020.01.07,20:00,0.6870,0.6874,0.6863,0.6871,841
2020.01.08,00:00,0.6870,0.6875,0.6851,0.6868,1458
2020.01.08,04:00,0.6867,0.6887,0.6867,0.6872,1358
2020.01.08,08:00,0.6871,0.6888,0.6871,0.6875,1153
2020.01.08,12:00,0.6874,0.6876,0.6860,0.6870,1081
2020.01.08,16:00,0.6869,0.6882,0.6850,0.6879,1159
2020.01.08,20:00,0.6878,0.6879,0.6865,0.6867,826
2020.01.09,00:00,0.6866,0.6883,0.6864,0.6877,900
2020.01.09,04:00,0.6876,0.6879,0.6868,0.6878,832
2020.01.09,08:00,0.6877,0.6881,0.6857,0.6859,1049
2020.01.09,12:00,0.6860,0.6870,0.6857,0.6867,978
2020.01.09,16:00,0.6866,0.6867,0.6852,0.6855,966
2020.01.09,20:00,0.6854,0.6860,0.6852,0.6860,681
2020.01.10,00:00,0.6859,0.6874,0.6852,0.6858,1025
2020.01.10,04:00,0.6857,0.6882,0.6855,0.6881,889
2020.01.10,08:00,0.6882,0.6885,0.6872,0.6879,958
2020.01.10,12:00,0.6878,0.6895,0.6875,0.6882,1146
2020.01.10,16:00,0.6881,0.6913,0.6878,0.6908,1229
2020.01.10,20:00,0.6907,0.6913,0.6899,0.6903,810
2020.01.13,00:00,0.6901,0.6916,0.6897,0.6914,818
2020.01.13,04:00,0.6913,0.6922,0.6910,0.6920,810
2020.01.13,08:00,0.6919,0.6921,0.6906,0.6908,1076
2020.01.13,12:00,0.6907,0.6911,0.6896,0.6908,1015
2020.01.13,16:00,0.6909,0.6919,0.6896,0.6914,1134
2020.01.13,20:00,0.6915,0.6918,0.6903,0.6905,762
2020.01.14,00:00,0.6904,0.6911,0.6887,0.6892,909
2020.01.14,04:00,0.6893,0.6907,0.6890,0.6899,927
2020.01.14,08:00,0.6898,0.6912,0.6892,0.6901,1080
2020.01.14,12:00,0.6902,0.6908,0.6895,0.6904,1139
2020.01.14,16:00,0.6903,0.6911,0.6898,0.6905,1061
2020.01.14,20:00,0.6906,0.6909,0.6900,0.6903,819
2020.01.15,00:00,0.6902,0.6906,0.6894,0.6901,849
2020.01.15,04:00,0.6900,0.6904,0.6895,0.6901,846
2020.01.15,08:00,0.6900,0.6904,0.6884,0.6890,917
2020.01.15,12:00,0.6889,0.6901,0.6880,0.6888,1016
2020.01.15,16:00,0.6887,0.6919,0.6886,0.6912,1102
2020.01.15,20:00,0.6911,0.6913,0.6900,0.6904,776
2020.01.16,00:00,0.6903,0.6922,0.6903,0.6913,875
2020.01.16,04:00,0.6912,0.6914,0.6904,0.6909,768
2020.01.16,08:00,0.6908,0.6923,0.6903,0.6922,996
2020.01.16,12:00,0.6921,0.6936,0.6918,0.6924,1084
2020.01.16,16:00,0.6923,0.6929,0.6890,0.6895,1118
2020.01.16,20:00,0.6894,0.6904,0.6890,0.6900,795
2020.01.17,00:00,0.6899,0.6903,0.6886,0.6896,812
2020.01.17,04:00,0.6897,0.6907,0.6892,0.6900,832
2020.01.17,08:00,0.6899,0.6914,0.6896,0.6910,990
2020.01.17,12:00,0.6909,0.6913,0.6888,0.6890,1042
2020.01.17,16:00,0.6891,0.6896,0.6874,0.6881,1046
2020.01.17,20:00,0.6880,0.6882,0.6872,0.6877,696
2020.01.20,00:00,0.6875,0.6885,0.6873,0.6884,787
2020.01.20,04:00,0.6883,0.6889,0.6881,0.6888,768
2020.01.20,08:00,0.6887,0.6891,0.6869,0.6874,940
2020.01.20,12:00,0.6873,0.6874,0.6860,0.6864,844
2020.01.20,16:00,0.6863,0.6875,0.6857,0.6872,762
2020.01.20,20:00,0.6873,0.6880,0.6869,0.6875,613
2020.01.21,00:00,0.6874,0.6883,0.6860,0.6863,882
2020.01.21,04:00,0.6864,0.6870,0.6854,0.6863,848
2020.01.21,08:00,0.6864,0.6869,0.6846,0.6857,1066
2020.01.21,12:00,0.6856,0.6878,0.6855,0.6870,1047
2020.01.21,16:00,0.6869,0.6873,0.6851,0.6854,1054
2020.01.21,20:00,0.6853,0.6856,0.6844,0.6847,827
2020.01.22,00:00,0.6846,0.6851,0.6829,0.6835,812
2020.01.22,04:00,0.6834,0.6847,0.6833,0.6844,893
2020.01.22,08:00,0.6845,0.6847,0.6835,0.6846,960
2020.01.22,12:00,0.6845,0.6859,0.6844,0.6851,943
2020.01.22,16:00,0.6850,0.6857,0.6834,0.6841,1118
2020.01.22,20:00,0.6840,0.6848,0.6838,0.6846,777
2020.01.23,00:00,0.6847,0.6881,0.6841,0.6875,1111
2020.01.23,04:00,0.6874,0.6881,0.6860,0.6863,1006
2020.01.23,08:00,0.6864,0.6878,0.6858,0.6873,1088
2020.01.23,12:00,0.6872,0.6878,0.6867,0.6869,938
2020.01.23,16:00,0.6868,0.6872,0.6832,0.6841,1293
2020.01.23,20:00,0.6842,0.6852,0.6839,0.6848,804
2020.01.24,00:00,0.6849,0.6854,0.6839,0.6845,968
2020.01.24,04:00,0.6846,0.6853,0.6842,0.6849,754
2020.01.24,08:00,0.6848,0.6860,0.6840,0.6841,1004
2020.01.24,12:00,0.6840,0.6853,0.6837,0.6848,1006
2020.01.24,16:00,0.6847,0.6850,0.6820,0.6826,1206
2020.01.24,20:00,0.6825,0.6830,0.6819,0.6829,947
2020.01.27,00:00,0.6822,0.6822,0.6802,0.6812,1170
2020.01.27,04:00,0.6811,0.6812,0.6803,0.6809,855
2020.01.27,08:00,0.6808,0.6809,0.6773,0.6779,1010
2020.01.27,12:00,0.6778,0.6781,0.6766,0.6775,1114
2020.01.27,16:00,0.6774,0.6777,0.6754,0.6762,1273
2020.01.27,20:00,0.6763,0.6765,0.6758,0.6762,899
2020.01.28,00:00,0.6763,0.6765,0.6750,0.6755,869
2020.01.28,04:00,0.6756,0.6768,0.6750,0.6766,899
2020.01.28,08:00,0.6765,0.6766,0.6740,0.6748,1048
2020.01.28,12:00,0.6749,0.6761,0.6743,0.6757,1075
2020.01.28,16:00,0.6756,0.6760,0.6748,0.6750,1109
2020.01.28,20:00,0.6751,0.6766,0.6749,0.6764,786
2020.01.29,00:00,0.6763,0.6775,0.6756,0.6766,1056
2020.01.29,04:00,0.6765,0.6780,0.6763,0.6773,895
2020.01.29,08:00,0.6772,0.6774,0.6753,0.6757,910
2020.01.29,08:00,0.6772,0.6774,0.6752,0.6754,951
2020.01.29,12:00,0.6755,0.6758,0.6744,0.6747,988
2020.01.29,16:00,0.6746,0.6753,0.6738,0.6750,1049
2020.01.29,20:00,0.6749,0.6765,0.6743,0.6755,999
2020.01.30,00:00,0.6756,0.6758,0.6739,0.6746,953
2020.01.30,04:00,0.6747,0.6748,0.6733,0.6739,1083
2020.01.30,08:00,0.6738,0.6742,0.6725,0.6734,1147
2020.01.30,12:00,0.6735,0.6737,0.6717,0.6721,1113
2020.01.30,16:00,0.6722,0.6722,0.6702,0.6709,1180
2020.01.30,20:00,0.6708,0.6726,0.6708,0.6723,1077
2020.01.31,00:00,0.6722,0.6732,0.6708,0.6717,992
2020.01.31,04:00,0.6716,0.6727,0.6711,0.6723,1014
2020.01.31,08:00,0.6722,0.6722,0.6686,0.6691,1036
2020.01.31,12:00,0.6690,0.6707,0.6685,0.6705,1102
2020.01.31,16:00,0.6704,0.6709,0.6689,0.6700,1237
2020.01.31,20:00,0.6699,0.6700,0.6687,0.6693,1007
2020.02.03,00:00,0.6690,0.6708,0.6685,0.6701,1294
2020.02.03,04:00,0.6702,0.6707,0.6686,0.6706,1011
2020.02.03,08:00,0.6705,0.6710,0.6688,0.6700,1090
2020.02.03,12:00,0.6701,0.6707,0.6692,0.6699,1087
2020.02.03,16:00,0.6698,0.6710,0.6685,0.6691,1195
2020.02.03,20:00,0.6690,0.6696,0.6688,0.6694,712
2020.02.04,00:00,0.6695,0.6699,0.6682,0.6696,887
2020.02.04,04:00,0.6695,0.6728,0.6685,0.6718,1341
2020.02.04,08:00,0.6719,0.6735,0.6708,0.6710,1094
2020.02.04,12:00,0.6711,0.6727,0.6707,0.6724,1076
2020.02.04,16:00,0.6723,0.6741,0.6723,0.6738,1106
2020.02.04,20:00,0.6737,0.6744,0.6734,0.6741,813
2020.02.05,00:00,0.6740,0.6746,0.6726,0.6746,951
2020.02.05,04:00,0.6745,0.6748,0.6735,0.6739,947
2020.02.05,08:00,0.6738,0.6777,0.6737,0.6774,1243
2020.02.05,12:00,0.6773,0.6775,0.6755,0.6773,1156
2020.02.05,16:00,0.6772,0.6774,0.6744,0.6747,1104
2020.02.05,20:00,0.6746,0.6750,0.6744,0.6748,687
2020.02.06,00:00,0.6747,0.6765,0.6746,0.6756,902
2020.02.06,04:00,0.6755,0.6767,0.6749,0.6762,938
2020.02.06,08:00,0.6761,0.6764,0.6740,0.6744,1054
2020.02.06,12:00,0.6743,0.6761,0.6743,0.6757,925
2020.02.06,16:00,0.6756,0.6758,0.6732,0.6740,1109
2020.02.06,20:00,0.6739,0.6742,0.6728,0.6732,814
2020.02.07,00:00,0.6731,0.6739,0.6715,0.6720,872
2020.02.07,04:00,0.6719,0.6726,0.6714,0.6720,882
2020.02.07,08:00,0.6721,0.6727,0.6685,0.6686,1050
2020.02.07,12:00,0.6685,0.6690,0.6675,0.6677,1084
2020.02.07,16:00,0.6678,0.6692,0.6665,0.6679,1175
2020.02.07,20:00,0.6680,0.6684,0.6675,0.6676,832
2020.02.10,00:00,0.6675,0.6693,0.6669,0.6691,1136
2020.02.10,04:00,0.6692,0.6709,0.6689,0.6706,1039
2020.02.10,08:00,0.6705,0.6710,0.6690,0.6695,1121
2020.02.10,12:00,0.6696,0.6703,0.6684,0.6686,1051
2020.02.10,16:00,0.6687,0.6696,0.6673,0.6676,1110
2020.02.10,20:00,0.6675,0.6689,0.6674,0.6688,791
2020.02.11,00:00,0.6686,0.6710,0.6684,0.6703,1017
2020.02.11,04:00,0.6702,0.6717,0.6698,0.6717,898
2020.02.11,08:00,0.6718,0.6722,0.6706,0.6708,1007
2020.02.11,12:00,0.6709,0.6714,0.6701,0.6713,1047
2020.02.11,16:00,0.6712,0.6739,0.6710,0.6715,1239
2020.02.11,20:00,0.6714,0.6718,0.6709,0.6716,907
2020.02.12,00:00,0.6715,0.6736,0.6713,0.6733,984
2020.02.12,04:00,0.6732,0.6740,0.6728,0.6729,1028
2020.02.12,08:00,0.6728,0.6751,0.6725,0.6740,1143
2020.02.12,12:00,0.6741,0.6751,0.6740,0.6743,933
2020.02.12,16:00,0.6742,0.6753,0.6736,0.6742,1125
2020.02.12,20:00,0.6741,0.6744,0.6735,0.6739,821
2020.02.13,00:00,0.6738,0.6740,0.6710,0.6729,1269
2020.02.13,04:00,0.6728,0.6731,0.6715,0.6722,957
2020.02.13,08:00,0.6721,0.6740,0.6713,0.6729,995
2020.02.13,12:00,0.6728,0.6739,0.6723,0.6737,1052
2020.02.13,16:00,0.6736,0.6748,0.6724,0.6724,1049
2020.02.13,20:00,0.6725,0.6728,0.6719,0.6721,758
2020.02.14,00:00,0.6720,0.6729,0.6712,0.6726,919
2020.02.14,04:00,0.6725,0.6734,0.6718,0.6722,810
2020.02.14,08:00,0.6721,0.6732,0.6718,0.6726,910
2020.02.14,12:00,0.6725,0.6728,0.6712,0.6725,923
2020.02.14,16:00,0.6726,0.6728,0.6714,0.6716,982
2020.02.14,20:00,0.6715,0.6718,0.6711,0.6716,703
2020.02.17,00:00,0.6720,0.6732,0.6716,0.6728,876
2020.02.17,04:00,0.6727,0.6736,0.6724,0.6733,679
2020.02.17,08:00,0.6732,0.6734,0.6722,0.6729,904
2020.02.17,12:00,0.6728,0.6732,0.6716,0.6721,820
2020.02.17,16:00,0.6720,0.6726,0.6714,0.6720,789
2020.02.17,20:00,0.6721,0.6722,0.6713,0.6714,646
2020.02.18,00:00,0.6715,0.6719,0.6689,0.6693,942
2020.02.18,04:00,0.6692,0.6697,0.6686,0.6692,731
2020.02.18,08:00,0.6693,0.6696,0.6676,0.6679,964
2020.02.18,12:00,0.6678,0.6691,0.6676,0.6684,968
2020.02.18,16:00,0.6683,0.6701,0.6678,0.6692,965
2020.02.18,20:00,0.6691,0.6693,0.6685,0.6688,709
2020.02.19,00:00,0.6687,0.6698,0.6686,0.6690,833
2020.02.19,04:00,0.6691,0.6704,0.6689,0.6697,794
2020.02.19,08:00,0.6696,0.6710,0.6692,0.6703,978
2020.02.19,12:00,0.6702,0.6703,0.6681,0.6684,889
2020.02.19,16:00,0.6683,0.6686,0.6667,0.6672,1031
2020.02.19,20:00,0.6673,0.6682,0.6671,0.6680,796
2020.02.20,00:00,0.6681,0.6698,0.6644,0.6650,1132
2020.02.20,04:00,0.6649,0.6657,0.6632,0.6654,1134
2020.02.20,08:00,0.6653,0.6654,0.6623,0.6638,1140
2020.02.20,12:00,0.6637,0.6639,0.6617,0.6621,1060
2020.02.20,16:00,0.6620,0.6638,0.6612,0.6620,1299
2020.02.20,20:00,0.6621,0.6623,0.6613,0.6617,866
2020.02.21,00:00,0.6616,0.6627,0.6612,0.6612,931
2020.02.21,04:00,0.6613,0.6614,0.6594,0.6603,1009
2020.02.21,08:00,0.6602,0.6608,0.6587,0.6595,1166
2020.02.21,12:00,0.6594,0.6610,0.6593,0.6608,1031
2020.02.21,16:00,0.6607,0.6642,0.6599,0.6633,1243
2020.02.21,20:00,0.6632,0.6635,0.6625,0.6629,874
2020.02.24,00:00,0.6588,0.6622,0.6587,0.6611,1229
2020.02.24,04:00,0.6612,0.6617,0.6599,0.6600,1005
2020.02.24,08:00,0.6599,0.6608,0.6589,0.6596,1208
2020.02.24,12:00,0.6595,0.6608,0.6590,0.6598,1057
2020.02.24,16:00,0.6597,0.6622,0.6597,0.6621,1227
2020.02.24,20:00,0.6620,0.6621,0.6599,0.6606,1054
2020.02.25,00:00,0.6605,0.6624,0.6601,0.6619,1120
2020.02.25,04:00,0.6618,0.6625,0.6610,0.6613,1090
2020.02.25,08:00,0.6614,0.6622,0.6597,0.6599,1118
2020.02.25,12:00,0.6598,0.6605,0.6590,0.6592,1054
2020.02.25,16:00,0.6591,0.6611,0.6588,0.6607,1233
2020.02.25,20:00,0.6606,0.6607,0.6596,0.6605,1094
2020.02.26,00:00,0.6604,0.6609,0.6591,0.6595,1178
2020.02.26,04:00,0.6594,0.6610,0.6591,0.6592,1025
2020.02.26,08:00,0.6593,0.6593,0.6572,0.6578,1262
2020.02.26,12:00,0.6579,0.6582,0.6564,0.6566,1270
2020.02.26,16:00,0.6565,0.6580,0.6554,0.6557,1282
2020.02.26,20:00,0.6556,0.6562,0.6544,0.6546,1092
2020.02.27,00:00,0.6547,0.6559,0.6544,0.6550,1275
2020.02.27,04:00,0.6551,0.6564,0.6549,0.6557,1215
2020.02.27,08:00,0.6556,0.6580,0.6547,0.6575,1270
2020.02.27,12:00,0.6574,0.6584,0.6568,0.6579,1196
2020.02.27,16:00,0.6578,0.6594,0.6574,0.6584,1563
2020.02.27,20:00,0.6583,0.6592,0.6568,0.6570,1204
2020.02.28,00:00,0.6571,0.6588,0.6559,0.6562,1300
2020.02.28,04:00,0.6563,0.6567,0.6518,0.6525,1477
2020.02.28,08:00,0.6526,0.6548,0.6519,0.653,1743
2020.02.28,12:00,0.6529,0.6533,0.6496,0.6505,1480
2020.02.28,16:00,0.6506,0.6514,0.6437,0.6493,2164
2020.02.28,20:00,0.6492,0.6536,0.6481,0.6513,1827
2020.03.02,00:00,0.6505,0.6531,0.6466,0.6519,1589
2020.03.02,04:00,0.6518,0.6549,0.6515,0.6524,1239
2020.03.02,08:00,0.6523,0.6571,0.6523,0.6551,1545
2020.03.02,12:00,0.6550,0.6562,0.6528,0.6546,1559
2020.03.02,16:00,0.6547,0.6554,0.6514,0.6536,1884
2020.03.02,20:00,0.6535,0.6549,0.6523,0.6539,1240
2020.03.03,00:00,0.6540,0.6552,0.6512,0.6516,1338
2020.03.03,04:00,0.6515,0.6569,0.6515,0.6544,1854
2020.03.03,08:00,0.6543,0.6567,0.6541,0.6564,1282
2020.03.03,12:00,0.6563,0.6577,0.6557,0.6575,1295
2020.03.03,16:00,0.6574,0.6648,0.6573,0.6612,2726
2020.03.03,20:00,0.6611,0.6615,0.6583,0.6585,1406
2020.03.04,00:00,0.6584,0.6616,0.6579,0.6596,1405
2020.03.04,04:00,0.6595,0.6618,0.6594,0.6600,1088
2020.03.04,08:00,0.6599,0.6618,0.6593,0.6615,1241
2020.03.04,12:00,0.6614,0.6630,0.6613,0.6618,1218
2020.03.04,16:00,0.6617,0.6626,0.6606,0.6612,1532
2020.03.04,20:00,0.6613,0.6629,0.6611,0.6628,1076
2020.03.05,00:00,0.6627,0.6632,0.6610,0.6618,1006
2020.03.05,04:00,0.6619,0.6630,0.6613,0.6628,856
2020.03.05,08:00,0.6627,0.6637,0.6624,0.6637,975
2020.03.05,12:00,0.6636,0.6639,0.6600,0.6601,1208
2020.03.05,16:00,0.6602,0.6610,0.6587,0.6596,1269
2020.03.05,20:00,0.6595,0.6621,0.6590,0.6616,1121
2020.03.06,00:00,0.6615,0.6626,0.6603,0.6609,1160
2020.03.06,04:00,0.6608,0.6609,0.6587,0.6599,1022
2020.03.06,08:00,0.6598,0.6652,0.6597,0.6640,1244
2020.03.06,12:00,0.6639,0.6660,0.6626,0.6634,1488
2020.03.06,16:00,0.6633,0.6649,0.6627,0.6635,1572
2020.03.06,20:00,0.6634,0.6650,0.6629,0.6640,1119
2020.03.09,00:00,0.6600,0.6628,0.6311,0.6474,3532
2020.03.09,04:00,0.6473,0.6579,0.6456,0.6540,4674
2020.03.09,08:00,0.6541,0.6613,0.6536,0.6591,2205
2020.03.09,12:00,0.6590,0.6635,0.6586,0.6609,2114
2020.03.09,16:00,0.6610,0.6688,0.6602,0.6607,2671
2020.03.09,20:00,0.6608,0.6611,0.6582,0.6590,1672
2020.03.10,00:00,0.6591,0.6616,0.6565,0.6569,2183
2020.03.10,04:00,0.6570,0.6592,0.6549,0.6552,1685
2020.03.10,08:00,0.6551,0.6583,0.6546,0.6577,1726
2020.03.10,12:00,0.6576,0.6576,0.6542,0.6545,1939
2020.03.10,16:00,0.6544,0.6548,0.6465,0.6485,2158
2020.03.10,20:00,0.6484,0.6516,0.6477,0.6495,1409
2020.03.11,00:00,0.6494,0.6516,0.6489,0.6508,1475
2020.03.11,04:00,0.6507,0.6521,0.6499,0.6501,1349
2020.03.11,08:00,0.6502,0.6538,0.6497,0.6525,1804
2020.03.11,12:00,0.6526,0.6542,0.6514,0.6537,1624
2020.03.11,16:00,0.6536,0.6539,0.6501,0.6514,1757
2020.03.11,20:00,0.6515,0.6519,0.6484,0.6491,1310
2020.03.12,00:00,0.6490,0.6495,0.6454,0.6462,2146
2020.03.12,04:00,0.6461,0.6474,0.6456,0.6464,1850
2020.03.12,08:00,0.6463,0.6466,0.6417,0.6418,1669
2020.03.12,12:00,0.6419,0.6427,0.6336,0.6357,2746
2020.03.12,16:00,0.6358,0.6388,0.6269,0.6359,4330
2020.03.12,20:00,0.6360,0.6365,0.6216,0.6306,3149
2020.03.13,00:00,0.6305,0.6328,0.6265,0.6308,2487
2020.03.13,04:00,0.6307,0.6326,0.6276,0.6298,2198
2020.03.13,08:00,0.6299,0.6316,0.6276,0.6305,2228
2020.03.13,12:00,0.6306,0.6316,0.6280,0.6290,2269
2020.03.13,16:00,0.6289,0.6294,0.6126,0.6174,4230
2020.03.13,20:00,0.6173,0.6245,0.6139,0.6187,2102
2020.03.16,00:00,0.6200,0.6285,0.6099,0.6131,4685
2020.03.16,04:00,0.6130,0.6186,0.6122,0.6170,2491
2020.03.16,08:00,0.6169,0.6187,0.6127,0.6171,2478
2020.03.16,12:00,0.6170,0.6184,0.6082,0.6123,3095
2020.03.16,16:00,0.6122,0.6169,0.6108,0.6134,3537
2020.03.16,20:00,0.6133,0.6144,0.6092,0.6108,1894
2020.03.17,00:00,0.6106,0.6151,0.6098,0.6126,2075
2020.03.17,04:00,0.6125,0.6141,0.6096,0.6098,1670
2020.03.17,08:00,0.6099,0.6100,0.6038,0.6043,2593
2020.03.17,12:00,0.6044,0.6051,0.5985,0.6001,2458
2020.03.17,16:00,0.6002,0.6027,0.5962,0.5999,3073
2020.03.17,20:00,0.5998,0.6027,0.5968,0.6016,1877
2020.03.18,00:00,0.6015,0.6024,0.5984,0.6009,2089
2020.03.18,04:00,0.6010,0.6030,0.6004,0.6015,1443
2020.03.18,08:00,0.6014,0.6015,0.5923,0.5957,2474
2020.03.18,12:00,0.5956,0.5967,0.5870,0.5883,2577
2020.03.18,16:00,0.5882,0.5905,0.5705,0.5789,4660
2020.03.18,20:00,0.5790,0.5810,0.5747,0.5788,2699
2020.03.19,00:00,0.5787,0.5819,0.5513,0.5572,4381
2020.03.19,04:00,0.5571,0.5637,0.5517,0.5614,5772
2020.03.19,08:00,0.5615,0.5798,0.5610,0.5732,5803
2020.03.19,12:00,0.5731,0.5850,0.5709,0.5819,4201
2020.03.19,16:00,0.5820,0.5967,0.5800,0.5809,5918
2020.03.19,20:00,0.5810,0.5814,0.5725,0.5738,2456
2020.03.20,00:00,0.5737,0.5875,0.5667,0.5836,3490
2020.03.20,04:00,0.5835,0.5914,0.5818,0.5854,3091
2020.03.20,08:00,0.5853,0.5988,0.5850,0.5913,4712
2020.03.20,12:00,0.5912,0.5948,0.5828,0.5831,3151
2020.03.20,16:00,0.5830,0.5899,0.5784,0.5837,4912
2020.03.20,20:00,0.5836,0.5839,0.5750,0.5806,2079
2020.03.23,00:00,0.5807,0.5809,0.5703,0.5752,6660
2020.03.23,04:00,0.5753,0.5781,0.5734,0.5773,3996
2020.03.23,08:00,0.5772,0.5811,0.5740,0.5753,4027
2020.03.23,12:00,0.5754,0.5848,0.5725,0.5831,4893
2020.03.23,16:00,0.5830,0.5840,0.5741,0.5803,4809
2020.03.23,20:00,0.5802,0.5841,0.5781,0.5826,1934
2020.03.24,00:00,0.5825,0.5936,0.5815,0.5920,3929
2020.03.24,04:00,0.5919,0.5948,0.5890,0.5907,3097
2020.03.24,08:00,0.5908,0.5978,0.5901,0.5957,3118
2020.03.24,12:00,0.5956,0.5966,0.5868,0.5924,3318
2020.03.24,16:00,0.5923,0.5967,0.5892,0.5900,3154
2020.03.24,20:00,0.5901,0.5985,0.5896,0.5971,1905
2020.03.25,00:00,0.5972,0.5993,0.5938,0.5976,2533
2020.03.25,04:00,0.5975,0.6047,0.5964,0.6039,2575
2020.03.25,08:00,0.6040,0.6076,0.6025,0.6055,2710
2020.03.25,12:00,0.6054,0.6054,0.5982,0.5985,2926
2020.03.25,16:00,0.5984,0.5986,0.5933,0.5970,3422
2020.03.25,20:00,0.5971,0.5972,0.5953,0.5959,1465
2020.03.26,00:00,0.5960,0.5962,0.5874,0.5880,2824
2020.03.26,04:00,0.5879,0.5938,0.5872,0.5919,1672
2020.03.26,08:00,0.5918,0.5981,0.5913,0.5972,2315
2020.03.26,12:00,0.5971,0.6059,0.5966,0.6041,3577
2020.03.26,16:00,0.6042,0.6074,0.6013,0.6050,3068
2020.03.26,20:00,0.6051,0.6090,0.6041,0.6044,1704
2020.03.27,00:00,0.6045,0.6112,0.6037,0.6089,2317
2020.03.27,04:00,0.6088,0.6129,0.6081,0.6126,2537
2020.03.27,08:00,0.6125,0.6128,0.6051,0.6066,3466
2020.03.27,12:00,0.6067,0.6098,0.6026,0.6064,2884
2020.03.27,16:00,0.6063,0.6187,0.6055,0.6181,3241
2020.03.27,20:00,0.6182,0.6203,0.6163,0.6176,1629
2020.03.30,00:00,0.6159,0.6187,0.6116,0.6150,2434
2020.03.30,04:00,0.6151,0.6167,0.6129,0.6152,2310
2020.03.30,08:00,0.6151,0.6173,0.6116,0.6155,3365
2020.03.30,12:00,0.6156,0.6165,0.6115,0.6126,2197
2020.03.30,16:00,0.6127,0.6176,0.6123,0.6167,3451
2020.03.30,20:00,0.6166,0.6180,0.6148,0.6171,1666
2020.03.31,00:00,0.6170,0.6197,0.6081,0.6152,2097
2020.03.31,04:00,0.6153,0.6204,0.6147,0.6179,2871
2020.03.31,08:00,0.6180,0.6216,0.6147,0.6148,3019
2020.03.31,12:00,0.6149,0.6154,0.6084,0.6106,3155
2020.03.31,16:00,0.6105,0.6154,0.6092,0.6104,4316
2020.03.31,20:00,0.6103,0.6160,0.6085,0.6135,2662
