1999.11.28,00:00,1.0164,1.0210,0.9987,1.0032,86576
1999.12.05,00:00,1.0030,1.0300,0.9986,1.0133,70416
1999.12.12,00:00,1.0137,1.0250,1.0009,1.0075,74713
1999.12.19,00:00,1.0078,1.0181,1.0040,1.0138,93613
1999.12.26,00:00,1.0135,1.0157,1.0015,1.0086,71610
2000.01.02,00:00,1.0080,1.0419,1.0049,1.0301,110598
2000.01.09,00:00,1.0294,1.0373,1.0109,1.0126,107818
2000.01.16,00:00,1.0129,1.0200,1.0045,1.0090,115722
2000.01.23,00:00,1.0058,1.0101,0.9733,0.9745,128234
2000.01.30,00:00,0.9762,0.9951,0.9665,0.9838,135541
2000.02.06,00:00,0.9835,0.9969,0.9752,0.9808,112697
2000.02.13,00:00,0.9802,0.9958,0.9773,0.9840,30816
2000.02.20,00:00,0.9850,1.0094,0.9722,0.9745,96232
2000.02.27,00:00,0.9736,0.9870,0.9399,0.9601,107292
2000.03.05,00:00,0.9565,0.9702,0.9520,0.9635,30581
2000.03.12,00:00,0.9627,0.9743,0.9588,0.9729,95061
2000.03.19,00:00,0.9710,0.9790,0.9569,0.9785,136334
2000.03.26,00:00,0.9764,0.9792,0.9476,0.9576,113179
2000.04.02,00:00,0.9568,0.9715,0.9500,0.9552,83318
2000.04.09,00:00,0.9537,0.9652,0.9507,0.9583,94356
2000.04.16,00:00,0.9647,0.9682,0.9352,0.9389,54340
2000.04.23,00:00,0.9400,0.9460,0.9057,0.9112,60857
2000.04.30,00:00,0.9113,0.9185,0.8846,0.8955,26770
2000.05.07,00:00,0.8980,0.9159,0.8906,0.9153,76334
2000.05.14,00:00,0.9187,0.9199,0.8840,0.8975,75055
2000.05.21,00:00,0.8978,0.9351,0.8952,0.9324,69562
2000.05.28,00:00,0.9311,0.9506,0.9236,0.9468,66690
2000.06.04,00:00,0.9459,0.9704,0.9409,0.9533,84074
2000.06.11,00:00,0.9536,0.9662,0.9488,0.9648,78377
2000.06.18,00:00,0.9643,0.9698,0.9343,0.9363,97673
2000.06.25,00:00,0.9360,0.9606,0.9294,0.9527,96363
2000.07.02,00:00,0.9524,0.9602,0.9458,0.9482,93809
2000.07.09,00:00,0.9482,0.9570,0.9314,0.9386,751
2000.07.16,00:00,0.9381,0.9406,0.9190,0.9365,789
2000.07.23,00:00,0.9361,0.9453,0.9219,0.9228,727
2000.07.30,00:00,0.9236,0.9297,0.8996,0.9084,974
2000.08.06,00:00,0.9071,0.9150,0.8959,0.9040,785
2000.08.13,00:00,0.9037,0.9187,0.8995,0.9071,746
2000.08.20,00:00,0.9068,0.9083,0.8907,0.9025,786
2000.08.27,00:00,0.9022,0.9050,0.8838,0.9006,828
2000.09.03,00:00,0.9000,0.9045,0.8632,0.8670,1080
2000.09.10,00:00,0.8639,0.8740,0.8517,0.8532,1338
2000.09.17,00:00,0.8528,0.9040,0.8437,0.8770,1420
2000.09.24,00:00,0.8795,0.8888,0.8710,0.8848,889
2000.10.01,00:00,0.8838,0.8865,0.8660,0.8687,798
2000.10.08,00:00,0.8683,0.8770,0.8523,0.8570,850
2000.10.15,00:00,0.8555,0.8580,0.8324,0.8425,1054
2000.10.22,00:00,0.8411,0.8447,0.8225,0.8393,864
2000.10.29,00:00,0.8411,0.8797,0.8381,0.8677,1206
2000.11.05,00:00,0.8660,0.8736,0.8512,0.8611,1237
2000.11.12,00:00,0.8619,0.8671,0.8467,0.8485,871
2000.11.19,00:00,0.8486,0.8542,0.8366,0.8383,810
2000.11.26,00:00,0.8392,0.8807,0.8384,0.8800,895
2000.12.03,00:00,0.8785,0.8979,0.8753,0.8899,1200
2000.12.10,00:00,0.8811,0.9005,0.8712,0.8967,1005
2000.12.17,00:00,0.8944,0.9268,0.8877,0.9237,942
2000.12.24,00:00,0.9225,0.9433,0.9195,0.9426,794
2000.12.31,00:00,0.9424,0.9599,0.9260,0.9579,1629
2001.01.07,00:00,0.9582,0.9595,0.9357,0.9522,1000
2001.01.14,00:00,0.9522,0.9532,0.9284,0.9348,1073
2001.01.21,00:00,0.9345,0.9457,0.9113,0.9249,1223
2001.01.28,00:00,0.9235,0.9451,0.9142,0.9365,911
2001.02.04,00:00,0.9351,0.9447,0.9130,0.9246,983
2001.02.11,00:00,0.9253,0.9336,0.9023,0.9148,879
2001.02.18,00:00,0.9129,0.9246,0.9011,0.9197,1090
2001.02.25,00:00,0.9172,0.9388,0.9076,0.9366,811
2001.03.04,00:00,0.9361,0.9380,0.9249,0.9337,740
2001.03.11,00:00,0.9316,0.9350,0.8912,0.8988,1073
2001.03.18,00:00,0.8967,0.9132,0.8830,0.8895,1042
2001.03.25,00:00,0.8894,0.8997,0.8747,0.8760,826
2001.04.01,00:00,0.8740,0.9097,0.8731,0.9040,111050
2001.04.08,00:00,0.9032,0.9053,0.8805,0.8886,126830
2001.04.15,00:00,0.8888,0.9052,0.8695,0.9026,136198
2001.04.22,00:00,0.9015,0.9087,0.8884,0.8920,138463
2001.04.29,00:00,0.8915,0.9010,0.8848,0.8926,133523
2001.05.06,00:00,0.8927,0.8940,0.8732,0.8751,114941
2001.05.13,00:00,0.8757,0.8885,0.8723,0.8815,133773
2001.05.20,00:00,0.8799,0.8825,0.8493,0.8612,148822
2001.05.27,00:00,0.8603,0.8618,0.8430,0.8479,118911
2001.06.03,00:00,0.8469,0.8572,0.8422,0.8506,113593
2001.06.10,00:00,0.8500,0.8678,0.8410,0.8615,120092
2001.06.17,00:00,0.8631,0.8651,0.8493,0.8573,116982
2001.06.24,00:00,0.8568,0.8665,0.8429,0.8494,136228
2001.07.01,00:00,0.8505,0.8513,0.8347,0.8480,113498
2001.07.08,00:00,0.8468,0.8646,0.8443,0.8546,101718
2001.07.15,00:00,0.8541,0.8790,0.8487,0.8713,75593
2001.07.22,00:00,0.8706,0.8828,0.8648,0.8776,74541
2001.07.29,00:00,0.8778,0.8879,0.8720,0.8843,67368
2001.08.05,00:00,0.8835,0.8965,0.8738,0.8930,69386
2001.08.12,00:00,0.8938,0.9206,0.8919,0.9182,76728
2001.08.19,00:00,0.9177,0.9244,0.9074,0.9148,75480
2001.08.26,00:00,0.9146,0.9204,0.9024,0.9126,73548
2001.09.02,00:00,0.9094,0.9108,0.8822,0.9076,60406
2001.09.09,00:00,0.9067,0.9253,0.8953,0.9206,62951
2001.09.16,00:00,0.9237,0.9338,0.9083,0.9145,95417
2001.09.23,00:00,0.9135,0.9254,0.9076,0.9114,88077
2001.09.30,00:00,0.9116,0.9239,0.9057,0.9185,88418
2001.10.07,00:00,0.9192,0.9248,0.8988,0.9114,91748
2001.10.14,00:00,0.9118,0.9142,0.8963,0.8989,76761
2001.10.21,00:00,0.8986,0.9007,0.8867,0.8923,66657
2001.10.28,00:00,0.8923,0.9126,0.8920,0.9040,80513
2001.11.04,00:00,0.9018,0.9053,0.8887,0.8943,78168
2001.11.11,00:00,0.8945,0.9019,0.8769,0.8843,76661
2001.11.18,00:00,0.8843,0.8858,0.8733,0.8783,163017
2001.11.25,00:00,0.8781,0.8987,0.8767,0.8966,178740
2001.12.02,00:00,0.8957,0.8974,0.8844,0.8904,191370
2001.12.09,00:00,0.8893,0.9058,0.8839,0.9042,182248
2001.12.16,00:00,0.9036,0.9087,0.8852,0.8888,175616
2001.12.23,00:00,0.8887,0.8913,0.8739,0.8849,92690
2001.12.30,00:00,0.8843,0.9070,0.8824,0.8945,126920
2002.01.06,00:00,0.8956,0.9002,0.8862,0.8924,170884
2002.01.13,00:00,0.8946,0.8959,0.8791,0.8847,153226
2002.01.20,00:00,0.8840,0.8896,0.8630,0.8652,85868
2002.01.27,00:00,0.8645,0.8678,0.8562,0.8621,72481
2002.02.03,00:00,0.8615,0.8756,0.8604,0.8729,96233
2002.02.10,00:00,0.8707,0.8805,0.8678,0.8736,117412
2002.02.17,00:00,0.8733,0.8787,0.8662,0.8757,99908
2002.02.24,00:00,0.8752,0.8763,0.8614,0.8655,121694
2002.03.03,00:00,0.8648,0.8844,0.8629,0.8747,108910
2002.03.10,00:00,0.8737,0.8872,0.8701,0.8826,117691
2002.03.17,00:00,0.8810,0.8864,0.8748,0.8773,119804
2002.03.24,00:00,0.8774,0.8800,0.8697,0.8723,113960
2002.03.31,00:00,0.8715,0.8861,0.8710,0.8790,112330
2002.04.07,00:00,0.8790,0.8851,0.8731,0.8807,115630
2002.04.14,00:00,0.8796,0.8931,0.8786,0.8919,110705
2002.04.21,00:00,0.8894,0.9028,0.8857,0.9015,101687
2002.04.28,00:00,0.9013,0.9180,0.8988,0.9170,101185
2002.05.05,00:00,0.9164,0.9193,0.9034,0.9142,98424
2002.05.12,00:00,0.9134,0.9225,0.8992,0.9207,117936
2002.05.19,00:00,0.9205,0.9281,0.9160,0.9206,118334
2002.05.26,00:00,0.9206,0.9417,0.9180,0.9340,113774
2002.06.02,00:00,0.9326,0.9491,0.9301,0.9427,130751
2002.06.09,00:00,0.9431,0.9526,0.9386,0.9456,125030
2002.06.16,00:00,0.9451,0.9723,0.9409,0.9705,129787
2002.06.23,00:00,0.9699,0.9994,0.9659,0.9912,159883
2002.06.30,00:00,0.9912,0.9975,0.9713,0.9732,140405
2002.07.07,00:00,0.9745,0.9973,0.9738,0.9906,153581
2002.07.14,00:00,0.9913,1.0206,0.9910,1.0118,145471
2002.07.21,00:00,1.0113,1.0138,0.9844,0.9873,151790
2002.07.28,00:00,0.9872,0.9922,0.9724,0.9867,137961
2002.08.04,00:00,0.9866,0.9879,0.9621,0.9703,139706
2002.08.11,00:00,0.9698,0.9896,0.9687,0.9852,128028
2002.08.18,00:00,0.9843,0.9874,0.9662,0.9730,124497
2002.08.25,00:00,0.9733,0.9891,0.9683,0.9822,50004
2002.09.01,00:00,0.9823,0.9995,0.9796,0.9818,122283
2002.09.08,00:00,0.9816,0.9844,0.9698,0.9718,128721
2002.09.15,00:00,0.9708,0.9880,0.9607,0.9822,142406
2002.09.22,00:00,0.9807,0.9861,0.9726,0.9805,130687
2002.09.29,00:00,0.9813,0.9912,0.9778,0.9792,28220
2002.10.06,00:00,0.9789,0.9930,0.9763,0.9872,30988
2002.10.13,00:00,0.9873,0.9895,0.9695,0.9725,36008
2002.10.20,00:00,0.9721,0.9805,0.9686,0.9761,26963
2002.10.27,00:00,0.9764,1.0006,0.9727,0.9965,30907
2002.11.03,00:00,0.9964,1.0164,0.9930,1.0150,29647
2002.11.10,00:00,1.0128,1.0174,1.0011,1.0033,29380
2002.11.17,00:00,1.0037,1.0144,0.9800,0.9802,29284
2002.11.24,00:00,0.9969,0.9972,0.9875,0.9949,27648
2002.12.01,00:00,0.9944,1.0132,0.9859,1.0099,29043
2002.12.08,00:00,1.0100,1.0262,1.0058,1.0239,29129
2002.12.15,00:00,1.0234,1.0337,1.0193,1.0269,29624
2002.12.22,00:00,1.0272,1.0446,1.0215,1.0440,22606
2002.12.29,00:00,1.0419,1.0507,1.0334,1.0425,20764
2003.01.05,00:00,1.0419,1.0588,1.0359,1.0581,29106
2003.01.12,00:00,1.0578,1.0683,1.0502,1.0669,28529
2003.01.19,00:00,1.0657,1.0857,1.0631,1.0827,29875
2003.01.26,00:00,1.0838,1.0910,1.0722,1.0770,25477
2003.02.02,00:00,1.0791,1.0940,1.0691,1.0819,27461
2003.02.09,00:00,1.0819,1.0863,1.0664,1.0791,36382
2003.02.16,00:00,1.0774,1.0851,1.0664,1.0775,48492
2003.02.23,00:00,1.0722,1.0838,1.0705,1.0808,41486
2003.03.02,00:00,1.0783,1.1071,1.0766,1.1008,47432
2003.03.09,00:00,1.1006,1.1087,1.0687,1.0747,44719
2003.03.16,00:00,1.0785,1.0847,1.0499,1.0528,49170
2003.03.23,00:00,1.0587,1.0804,1.0564,1.0785,39127
2003.03.30,00:00,1.0797,1.0963,1.0680,1.0730,42987
2003.04.06,00:00,1.0671,1.0834,1.0558,1.0749,40035
2003.04.13,00:00,1.0743,1.0980,1.0716,1.0875,40623
2003.04.20,00:00,1.0897,1.1054,1.0820,1.1033,48314
2003.04.27,00:00,1.1038,1.1289,1.0931,1.1231,55426
2003.05.04,00:00,1.1227,1.1541,1.1203,1.1490,55916
2003.05.11,00:00,1.1532,1.1627,1.1369,1.1596,60353
2003.05.18,00:00,1.1673,1.1844,1.1603,1.1841,62009
2003.05.25,00:00,1.1831,1.1938,1.1690,1.1774,60490
2003.06.01,00:00,1.1719,1.1892,1.1631,1.1700,65425
2003.06.08,00:00,1.1709,1.1882,1.1655,1.1869,60637
2003.06.15,00:00,1.1877,1.1934,1.1549,1.1608,62887
2003.06.22,00:00,1.1580,1.1627,1.1397,1.1429,57471
2003.06.29,00:00,1.1431,1.1612,1.1400,1.1494,47707
2003.07.06,00:00,1.1481,1.1489,1.1256,1.1288,57072
2003.07.13,00:00,1.1288,1.1341,1.1109,1.1269,58556
2003.07.20,00:00,1.1250,1.1554,1.1242,1.1507,54669
2003.07.27,00:00,1.1497,1.1542,1.1134,1.1277,56052
2003.08.03,00:00,1.1284,1.1429,1.1259,1.1309,53475
2003.08.10,00:00,1.1306,1.1385,1.1217,1.1268,138223
2003.08.17,00:00,1.1267,1.1273,1.0833,1.0878,143927
2003.08.24,00:00,1.0870,1.1002,1.0786,1.0983,119912
2003.08.31,00:00,1.0987,1.1115,1.0762,1.1108,35396
2003.09.07,00:00,1.1109,1.1330,1.1046,1.1291,31933
2003.09.14,00:00,1.1262,1.1395,1.1139,1.1393,36587
2003.09.21,00:00,1.1450,1.1538,1.1372,1.1479,46550
2003.09.28,00:00,1.1460,1.1771,1.1396,1.1579,58751
2003.10.05,00:00,1.1576,1.1862,1.1531,1.1806,59774
2003.10.12,00:00,1.1810,1.1818,1.1544,1.1682,66057
2003.10.19,00:00,1.1704,1.1859,1.1601,1.1785,55704
2003.10.26,00:00,1.1769,1.1786,1.1564,1.1586,53065
2003.11.02,00:00,1.1579,1.1621,1.1375,1.1523,54096
2003.11.09,00:00,1.1502,1.1806,1.1443,1.1785,50945
2003.11.16,00:00,1.1812,1.1980,1.1725,1.1926,59638
2003.11.23,00:00,1.1912,1.2018,1.1752,1.1999,46800
2003.11.30,00:00,1.1989,1.2179,1.1936,1.2169,49716
2003.12.07,00:00,1.2167,1.2308,1.2112,1.2276,52717
2003.12.14,00:00,1.2133,1.2440,1.2131,1.2373,50440
2003.12.21,00:00,1.2383,1.2474,1.2348,1.2431,22512
2003.12.28,00:00,1.2434,1.2650,1.2300,1.2585,29458
2004.01.04,00:00,1.2609,1.2870,1.2559,1.2843,59960
2004.01.11,00:00,1.2844,1.2900,1.2349,1.2394,65911
2004.01.18,00:00,1.2383,1.2778,1.2334,1.2580,62504
2004.01.25,00:00,1.2580,1.2666,1.2349,1.2477,73147
2004.02.01,00:00,1.2480,1.2727,1.2389,1.2706,59056
2004.02.08,00:00,1.2618,1.2896,1.2605,1.2736,60720
2004.02.15,00:00,1.2728,1.2930,1.2492,1.2539,64295
2004.02.22,00:00,1.2523,1.2715,1.2370,1.2494,66430
2004.02.29,00:00,1.2481,1.2544,1.2056,1.2365,69597
2004.03.07,00:00,1.2365,1.2460,1.2161,1.2214,77504
2004.03.14,00:00,1.2211,1.2439,1.2175,1.2297,70330
2004.03.21,00:00,1.2276,1.2404,1.2070,1.2132,68597
2004.03.28,00:00,1.2115,1.2392,1.2046,1.2136,66030
2004.04.04,00:00,1.2110,1.2222,1.1980,1.2092,55584
2004.04.11,00:00,1.2086,1.2101,1.1867,1.1992,61932
2004.04.18,00:00,1.2017,1.2081,1.1778,1.1845,65920
2004.04.25,00:00,1.1802,1.2015,1.1759,1.1980,66385
2004.05.02,00:00,1.1992,1.2181,1.1875,1.1881,56863
2004.05.09,00:00,1.1880,1.1944,1.1771,1.1887,64507
2004.05.16,00:00,1.1891,1.2074,1.1875,1.1978,68945
2004.05.23,00:00,1.1997,1.2299,1.1932,1.2223,62332
2004.05.30,00:00,1.2239,1.2308,1.2136,1.2283,58860
2004.06.06,00:00,1.2298,1.2355,1.1965,1.2005,57733
2004.06.13,00:00,1.1974,1.2171,1.1953,1.2139,65532
2004.06.20,00:00,1.2145,1.2195,1.2037,1.2178,55053
2004.06.27,00:00,1.2179,1.2329,1.2065,1.2315,64013
2004.07.04,00:00,1.2329,1.2425,1.2264,1.2414,56068
2004.07.11,00:00,1.2412,1.2461,1.2299,1.2454,58562
2004.07.18,00:00,1.2447,1.2464,1.2086,1.2093,60731
2004.07.25,00:00,1.2097,1.2191,1.1989,1.2023,70745
2004.08.01,00:00,1.2067,1.2292,1.1968,1.2280,63703
2004.08.08,00:00,1.2283,1.2377,1.2175,1.2374,56066
2004.08.15,00:00,1.2376,1.2390,1.2277,1.2321,56441
2004.08.22,00:00,1.2312,1.2319,1.2003,1.2012,59576
2004.08.29,00:00,1.2012,1.2222,1.1986,1.2058,34497
2004.09.05,00:00,1.2062,1.2313,1.2025,1.2260,34471
2004.09.12,00:00,1.2271,1.2298,1.2119,1.2188,37773
2004.09.19,00:00,1.2174,1.2365,1.2123,1.2274,38886
2004.09.26,00:00,1.2284,1.2446,1.2247,1.2415,37884
2004.10.03,00:00,1.2396,1.2436,1.2246,1.2410,33376
2004.10.10,00:00,1.2418,1.2510,1.2222,1.2469,30766
2004.10.17,00:00,1.2476,1.2687,1.2451,1.2683,34620
2004.10.24,00:00,1.2719,1.2843,1.2630,1.2796,41970
2004.10.31,00:00,1.2816,1.2974,1.2654,1.2963,40209
2004.11.07,00:00,1.2967,1.3007,1.2847,1.2973,42022
2004.11.14,00:00,1.2972,1.3076,1.2914,1.3026,43514
2004.11.21,00:00,1.3039,1.3332,1.2976,1.3296,45380
2004.11.28,00:00,1.3281,1.3463,1.3226,1.3452,64189
2004.12.05,00:00,1.3443,1.3471,1.3138,1.3224,67120
2004.12.12,00:00,1.3196,1.3445,1.3194,1.3307,73076
2004.12.19,00:00,1.3333,1.3547,1.3296,1.3531,46996
2004.12.26,00:00,1.3526,1.3668,1.3512,1.3558,36247
2005.01.02,00:00,1.3561,1.3584,1.3024,1.3054,72639
2005.01.09,00:00,1.3056,1.3293,1.3052,1.3111,50943
2005.01.16,00:00,1.3107,1.3127,1.2917,1.3040,42281
2005.01.23,00:00,1.3042,1.3124,1.2941,1.3037,40312
2005.01.30,00:00,1.3012,1.3094,1.2864,1.2867,36107
2005.02.06,00:00,1.2854,1.2906,1.2730,1.2865,31391
2005.02.13,00:00,1.2880,1.3088,1.2875,1.3073,32040
2005.02.20,00:00,1.3054,1.3275,1.3028,1.3244,33128
2005.02.27,00:00,1.3237,1.3280,1.3089,1.3237,33659
2005.03.06,00:00,1.3237,1.3482,1.3175,1.3457,57838
2005.03.13,00:00,1.3463,1.3479,1.3263,1.3326,42391
2005.03.20,00:00,1.3309,1.3318,1.2925,1.2958,39153
2005.03.27,00:00,1.2960,1.3062,1.2854,1.2908,47252
2005.04.03,00:00,1.2885,1.2941,1.2799,1.2932,46364
2005.04.10,00:00,1.2929,1.3018,1.2764,1.2919,39027
2005.04.17,00:00,1.2917,1.3126,1.2875,1.3062,37832
2005.04.24,00:00,1.3057,1.3061,1.2852,1.2872,30294
2005.05.01,00:00,1.2860,1.2989,1.2809,1.2818,25976
2005.05.08,00:00,1.2816,1.2915,1.2608,1.2633,28264
2005.05.15,00:00,1.2624,1.2691,1.2534,1.2559,26573
2005.05.22,00:00,1.2542,1.2629,1.2492,1.2586,24454
2005.05.29,00:00,1.2535,1.2547,1.2156,1.2234,31802
2005.06.05,00:00,1.2227,1.2355,1.2106,1.2121,27796
2005.06.12,00:00,1.2110,1.2291,1.2016,1.2287,34401
2005.06.19,00:00,1.2192,1.2240,1.1983,1.2091,32701
2005.06.26,00:00,1.2100,1.2186,1.1938,1.1958,32608
2005.07.03,00:00,1.1930,1.2043,1.1865,1.1966,32417
2005.07.10,00:00,1.1965,1.2257,1.1956,1.2035,33976
2005.07.17,00:00,1.2024,1.2255,1.1952,1.2065,35411
2005.07.24,00:00,1.2054,1.2161,1.1964,1.2123,31831
2005.07.31,00:00,1.2123,1.2404,1.2118,1.2358,35451
2005.08.07,00:00,1.2338,1.2484,1.2314,1.2440,31941
2005.08.14,00:00,1.2454,1.2455,1.2123,1.2151,27960
2005.08.21,00:00,1.2166,1.2339,1.2154,1.2287,26940
2005.08.28,00:00,1.2279,1.2587,1.2169,1.2529,33073
2005.09.04,00:00,1.2535,1.2583,1.2375,1.2407,31560
2005.09.11,00:00,1.2403,1.2414,1.2191,1.2235,33496
2005.09.18,00:00,1.2159,1.2269,1.2037,1.2037,30560
2005.09.25,00:00,1.2024,1.2089,1.1976,1.2025,30435
2005.10.02,00:00,1.2018,1.2201,1.1899,1.2127,32477
2005.10.09,00:00,1.2117,1.2151,1.1912,1.2072,28392
2005.10.16,00:00,1.2076,1.2119,1.1873,1.1952,33488
2005.10.23,00:00,1.1942,1.2171,1.1921,1.2068,31554
2005.10.30,00:00,1.2058,1.2088,1.1801,1.1811,30652
2005.11.06,00:00,1.1802,1.1831,1.1669,1.1732,30761
2005.11.13,00:00,1.1718,1.1793,1.1640,1.1773,75673
2005.11.20,00:00,1.1777,1.1859,1.1684,1.1722,87836
2005.11.27,00:00,1.1723,1.1897,1.1660,1.1716,122972
2005.12.04,00:00,1.1702,1.1849,1.1687,1.1810,57730
2005.12.11,00:00,1.1811,1.2058,1.1783,1.2011,68805
2005.12.18,00:00,1.2012,1.2037,1.1800,1.1864,60352
2005.12.25,00:00,1.1866,1.1929,1.1776,1.1848,53938
2006.01.01,00:00,1.1844,1.2178,1.1801,1.2150,47519
2006.01.08,00:00,1.2143,1.2161,1.2006,1.2140,61755
2006.01.15,00:00,1.2141,1.2174,1.2040,1.2135,60269
2006.01.22,00:00,1.2133,1.2321,1.2085,1.2092,66706
2006.01.29,00:00,1.2104,1.2188,1.1968,1.2025,40059
2006.02.05,00:00,1.2023,1.2045,1.1891,1.1904,39821
2006.02.12,00:00,1.1905,1.1952,1.1848,1.1939,39683
2006.02.19,00:00,1.1926,1.1974,1.1861,1.1875,38965
2006.02.26,00:00,1.1863,1.2051,1.1825,1.2044,42426
2006.03.05,00:00,1.2048,1.2092,1.1859,1.1907,42268
2006.03.12,00:00,1.1913,1.2206,1.1912,1.2189,51092
2006.03.19,00:00,1.2177,1.2196,1.1951,1.2035,45536
2006.03.26,00:00,1.2030,1.2175,1.1979,1.2118,39363
2006.04.02,00:00,1.2119,1.2331,1.2033,1.2090,44185
2006.04.09,00:00,1.2106,1.2167,1.2065,1.2110,34089
2006.04.16,00:00,1.2121,1.2393,1.2119,1.2340,41914
2006.04.23,00:00,1.2371,1.2639,1.2331,1.2634,46868
2006.04.30,00:00,1.2626,1.2763,1.2553,1.2726,49525
2006.05.07,00:00,1.2743,1.2956,1.2661,1.2926,76142
2006.05.14,00:00,1.2945,1.2971,1.2694,1.2777,75409
2006.05.21,00:00,1.2761,1.2890,1.2693,1.2737,62728
2006.05.28,00:00,1.2725,1.2939,1.2718,1.2917,56826
2006.06.04,00:00,1.2924,1.2978,1.2596,1.2638,61952
2006.06.11,00:00,1.2613,1.2671,1.2530,1.2641,57533
2006.06.18,00:00,1.2647,1.2678,1.2478,1.2506,53580
2006.06.25,00:00,1.2507,1.2794,1.2501,1.2790,54452
2006.07.02,00:00,1.2786,1.2861,1.2706,1.2810,56006
2006.07.09,00:00,1.2813,1.2816,1.2625,1.2652,55311
2006.07.16,00:00,1.2637,1.2696,1.2458,1.2693,57705
2006.07.23,00:00,1.2703,1.2770,1.2559,1.2760,50676
2006.07.30,00:00,1.2758,1.2908,1.2719,1.2873,63095
2006.08.06,00:00,1.2883,1.2911,1.2715,1.2720,62840
2006.08.13,00:00,1.2713,1.2886,1.2695,1.2824,55894
2006.08.20,00:00,1.2827,1.2937,1.2725,1.2751,60755
2006.08.27,00:00,1.2757,1.2878,1.2750,1.2835,56564
2006.09.03,00:00,1.2845,1.2874,1.2651,1.2674,52766
2006.09.10,00:00,1.2667,1.2752,1.2630,1.2663,53355
2006.09.17,00:00,1.2633,1.2830,1.2630,1.2783,52586
2006.09.24,00:00,1.2789,1.2819,1.2639,1.2673,52164
2006.10.01,00:00,1.2682,1.2766,1.2574,1.2599,43321
2006.10.08,00:00,1.2588,1.2612,1.2483,1.2512,29952
2006.10.15,00:00,1.2501,1.2641,1.2488,1.2616,30344
2006.10.22,00:00,1.2615,1.2749,1.2524,1.2740,31806
2006.10.29,00:00,1.2730,1.2797,1.2677,1.2716,32296
2006.11.05,00:00,1.2717,1.2899,1.2689,1.2840,33323
2006.11.12,00:00,1.2851,1.2878,1.2761,1.2828,39298
2006.11.19,00:00,1.2825,1.3109,1.2797,1.3093,33980
2006.11.26,00:00,1.3156,1.3347,1.3085,1.3336,46147
2006.12.03,00:00,1.3362,1.3364,1.3189,1.3202,43868
2006.12.10,00:00,1.3182,1.3291,1.3059,1.3079,45018
2006.12.17,00:00,1.3082,1.3244,1.3051,1.3128,39120
2006.12.24,00:00,1.3138,1.3205,1.3087,1.3198,39274
2006.12.31,00:00,1.3189,1.3296,1.2980,1.3001,36471
2007.01.07,00:00,1.3010,1.3051,1.2865,1.2922,40978
2007.01.14,00:00,1.2927,1.2999,1.2895,1.2960,38714
2007.01.21,00:00,1.2956,1.3042,1.2876,1.2914,41416
2007.01.28,00:00,1.2921,1.3062,1.2896,1.2959,31719
2007.02.04,00:00,1.2955,1.3045,1.2911,1.3006,27923
2007.02.11,00:00,1.3015,1.3171,1.2939,1.3136,30949
2007.02.18,00:00,1.3154,1.3187,1.3079,1.3167,26247
2007.02.25,00:00,1.3189,1.3258,1.3141,1.3190,36308
2007.03.04,00:00,1.3209,1.3210,1.3070,1.3116,35215
2007.03.11,00:00,1.3117,1.3338,1.3109,1.3316,32884
2007.03.18,00:00,1.3318,1.3410,1.3268,1.3282,30988
2007.03.25,00:00,1.3288,1.3399,1.3253,1.3354,33342
2007.04.01,00:00,1.3375,1.3439,1.3318,1.3378,22669
2007.04.08,00:00,1.3374,1.3554,1.3339,1.3527,24895
2007.04.15,00:00,1.3566,1.3636,1.3525,1.3590,29325
2007.04.22,00:00,1.3604,1.3681,1.3541,1.3651,29684
2007.04.29,00:00,1.3636,1.3678,1.3535,1.3591,27709
2007.05.06,00:00,1.3598,1.3627,1.3461,1.3524,25070
2007.05.13,00:00,1.3531,1.3609,1.3464,1.3507,24889
2007.05.20,00:00,1.3517,1.3525,1.3411,1.3442,23520
2007.05.27,00:00,1.3447,1.3519,1.3392,1.3448,22280
2007.06.03,00:00,1.3440,1.3553,1.3320,1.3372,24607
2007.06.10,00:00,1.3362,1.3388,1.3262,1.3388,24481
2007.06.17,00:00,1.3388,1.3470,1.3371,1.3469,22353
2007.06.24,00:00,1.3467,1.3541,1.3415,1.3540,24438
2007.07.01,00:00,1.3543,1.3659,1.3527,1.3625,24086
2007.07.08,00:00,1.3632,1.3812,1.3594,1.3782,28637
2007.07.15,00:00,1.3780,1.3842,1.3752,1.3826,27806
2007.07.22,00:00,1.3830,1.3851,1.3626,1.3635,37373
2007.07.29,00:00,1.3612,1.3817,1.3609,1.3773,39257
2007.08.05,00:00,1.3838,1.3838,1.3643,1.3693,36722
2007.08.12,00:00,1.3685,1.3708,1.3360,1.3474,53316
2007.08.19,00:00,1.3477,1.3681,1.3450,1.3675,36891
2007.08.26,00:00,1.3672,1.3719,1.3562,1.3628,34082
2007.09.02,00:00,1.3629,1.3797,1.3550,1.3767,28333
2007.09.09,00:00,1.3781,1.3926,1.3766,1.3874,34832
2007.09.16,00:00,1.3872,1.4119,1.3828,1.4090,39060
2007.09.23,00:00,1.4089,1.4278,1.4060,1.4266,34941
2007.09.30,00:00,1.4279,1.4281,1.4031,1.4134,34254
2007.10.07,00:00,1.4150,1.4240,1.4017,1.4177,31573
2007.10.14,00:00,1.4176,1.4317,1.4143,1.4300,35727
2007.10.21,00:00,1.4334,1.4393,1.4125,1.4392,43321
2007.10.28,00:00,1.4412,1.4527,1.4373,1.4504,42005
2007.11.04,00:00,1.4518,1.4751,1.4442,1.4679,50860
2007.11.11,00:00,1.4677,1.4728,1.4519,1.4661,53702
2007.11.18,00:00,1.4667,1.4966,1.4620,1.4836,45396
2007.11.25,00:00,1.4826,1.4905,1.4627,1.4638,48644
2007.12.02,00:00,1.4649,1.4769,1.4527,1.4657,45855
2007.12.09,00:00,1.4654,1.4750,1.4410,1.4429,45112
2007.12.16,00:00,1.4405,1.4453,1.4309,1.4381,42957
2007.12.23,00:00,1.4373,1.4728,1.4370,1.4721,20114
2007.12.30,00:00,1.4722,1.4823,1.4581,1.4740,29663
2008.01.06,00:00,1.4746,1.4819,1.4638,1.4776,47698
2008.01.13,00:00,1.4807,1.4921,1.4589,1.4620,58956
2008.01.20,00:00,1.4597,1.4778,1.4365,1.4681,82448
2008.01.27,00:00,1.4691,1.4949,1.4661,1.4801,58782
2008.02.03,00:00,1.4796,1.4847,1.4438,1.4504,57832
2008.02.10,00:00,1.4674,1.4707,1.4656,1.4681,3944
2008.02.17,00:00,1.4669,1.4861,1.4610,1.4828,51809
2008.02.24,00:00,1.4835,1.5237,1.4778,1.5178,62535
2008.03.02,00:00,1.5195,1.5454,1.5145,1.5354,61567
2008.03.09,00:00,1.5361,1.5687,1.5281,1.5673,73846
2008.03.16,00:00,1.5677,1.5904,1.5396,1.5432,90945
2008.03.23,00:00,1.5438,1.5857,1.5341,1.5795,71001
2008.03.30,00:00,1.5805,1.5895,1.5510,1.5737,74510
2008.04.06,00:00,1.5733,1.5911,1.5627,1.5807,66787
2008.04.13,00:00,1.5694,1.5981,1.5672,1.5816,73639
2008.04.20,00:00,1.5805,1.6019,1.5555,1.5630,71507
2008.04.27,00:00,1.5611,1.5692,1.5360,1.5422,65630
2008.05.04,00:00,1.5433,1.5594,1.5285,1.5482,58954
2008.05.11,00:00,1.5451,1.5602,1.5366,1.5577,63809
2008.05.18,00:00,1.5597,1.5813,1.5486,1.5762,62093
2008.05.25,00:00,1.5765,1.5818,1.5461,1.5555,57405
2008.06.01,00:00,1.5569,1.5778,1.5365,1.5778,67318
2008.06.08,00:00,1.5786,1.5842,1.5303,1.5381,71941
2008.06.15,00:00,1.5408,1.5654,1.5346,1.5607,61737
2008.06.22,00:00,1.5632,1.5795,1.5471,1.5795,59082
2008.06.29,00:00,1.5781,1.5910,1.5657,1.5705,56536
2008.07.06,00:00,1.5690,1.5944,1.5610,1.5936,63165
2008.07.13,00:00,1.5962,1.6038,1.5781,1.5845,70257
2008.07.20,00:00,1.5839,1.5942,1.5626,1.5707,58747
2008.07.27,00:00,1.5693,1.5766,1.5513,1.5561,53247
2008.08.03,00:00,1.5572,1.5629,1.4995,1.5002,61495
2008.08.10,00:00,1.4940,1.5080,1.4658,1.4687,79039
2008.08.17,00:00,1.4682,1.4907,1.4628,1.4790,53713
2008.08.24,00:00,1.4787,1.4808,1.4568,1.4675,66134
2008.08.31,00:00,1.4704,1.4720,1.4193,1.4262,82816
2008.09.07,00:00,1.4372,1.4425,1.3877,1.4218,101876
2008.09.14,00:00,1.4289,1.4538,1.4070,1.4461,157975
2008.09.21,00:00,1.4487,1.4864,1.4433,1.4610,99468
2008.09.28,00:00,1.4515,1.4572,1.3695,1.3768,113754
2008.10.05,00:00,1.3630,1.3780,1.3255,1.3408,166945
2008.10.12,00:00,1.3569,1.3764,1.3340,1.3409,137121
2008.10.19,00:00,1.3402,1.3529,1.2490,1.2619,140326
2008.10.26,00:00,1.2572,1.3286,1.2323,1.2728,173187
2008.11.02,00:00,1.2759,1.3110,1.2522,1.2760,146718
2008.11.09,00:00,1.2813,1.2924,1.2386,1.2600,152017
2008.11.16,00:00,1.2536,1.2810,1.2420,1.2583,142473
2008.11.23,00:00,1.2605,1.3077,1.2560,1.2687,115361
2008.11.30,00:00,1.2691,1.2843,1.2546,1.2717,74216
2008.12.07,00:00,1.2711,1.3411,1.2710,1.3366,66668
2008.12.14,00:00,1.3392,1.4716,1.3389,1.3904,120871
2008.12.21,00:00,1.3920,1.4120,1.3900,1.4054,41647
2008.12.28,00:00,1.4072,1.4355,1.3836,1.3914,27425
2009.01.04,00:00,1.3901,1.3959,1.3308,1.3459,122325
2009.01.11,00:00,1.3470,1.3473,1.3022,1.3262,124420
2009.01.18,00:00,1.3335,1.3383,1.2762,1.2960,125943
2009.01.25,00:00,1.2959,1.3324,1.2758,1.2807,131276
2009.02.01,00:00,1.2768,1.3067,1.2702,1.2936,111702
2009.02.08,00:00,1.2959,1.3090,1.2717,1.2859,118681
2009.02.15,00:00,1.2779,1.2880,1.2510,1.2824,99592
2009.02.22,00:00,1.2803,1.2987,1.2600,1.2665,114042
2009.03.01,00:00,1.2612,1.2748,1.2452,1.2647,93316
2009.03.08,00:00,1.2675,1.2956,1.2553,1.2924,95361
2009.03.15,00:00,1.2928,1.3732,1.2846,1.3572,58823
2009.03.22,00:00,1.3654,1.3733,1.3252,1.3283,73163
2009.03.29,00:00,1.3229,1.3509,1.3110,1.3479,56359
2009.04.05,00:00,1.3509,1.3576,1.3088,1.3184,45674
2009.04.12,00:00,1.3187,1.3386,1.3012,1.3041,47586
2009.04.19,00:00,1.3038,1.3297,1.2881,1.3237,74949
2009.04.26,00:00,1.3241,1.3382,1.2962,1.3267,74405
2009.05.03,00:00,1.3285,1.3648,1.3209,1.3640,76332
2009.05.10,00:00,1.3657,1.3720,1.3460,1.3492,79309
2009.05.17,00:00,1.3483,1.4053,1.3421,1.4002,79519
2009.05.24,00:00,1.4029,1.4172,1.3795,1.4166,81043
2009.05.31,00:00,1.4136,1.4342,1.3935,1.3970,95344
2009.06.07,00:00,1.3943,1.4174,1.3804,1.4017,93966
2009.06.14,00:00,1.3991,1.4010,1.3753,1.3940,96278
2009.06.21,00:00,1.3945,1.4138,1.3826,1.4065,88789
2009.06.28,00:00,1.4066,1.4198,1.3927,1.3982,77338
2009.07.05,00:00,1.3957,1.4071,1.3832,1.3939,77318
2009.07.12,00:00,1.3950,1.4169,1.3901,1.4107,84819
2009.07.19,00:00,1.4120,1.4295,1.4111,1.4209,76267
2009.07.26,00:00,1.4233,1.4308,1.4007,1.4262,64133
2009.08.02,00:00,1.4272,1.4451,1.4157,1.4182,65666
2009.08.09,00:00,1.4175,1.4331,1.4090,1.4206,62056
2009.08.16,00:00,1.4191,1.4380,1.4046,1.4331,60138
2009.08.23,00:00,1.4332,1.4407,1.4208,1.4304,58432
2009.08.30,00:00,1.4312,1.4379,1.4184,1.4299,57909
2009.09.06,00:00,1.4306,1.4637,1.4300,1.4573,56397
2009.09.13,00:00,1.4603,1.4768,1.4517,1.4713,60490
2009.09.20,00:00,1.4706,1.4846,1.4614,1.4693,62143
2009.09.27,00:00,1.4705,1.4723,1.4480,1.4574,66694
2009.10.04,00:00,1.4608,1.4817,1.4580,1.4726,57162
2009.10.11,00:00,1.4723,1.4968,1.4676,1.4901,48539
2009.10.18,00:00,1.4887,1.5059,1.4827,1.5007,50302
2009.10.25,00:00,1.5003,1.5062,1.4679,1.4719,54032
2009.11.01,00:00,1.4713,1.4917,1.4623,1.4847,53398
2009.11.08,00:00,1.4880,1.5047,1.4820,1.4904,43772
2009.11.15,00:00,1.4918,1.5017,1.4799,1.4860,45020
2009.11.22,00:00,1.4854,1.5149,1.4832,1.4987,48062
2009.11.29,00:00,1.5013,1.5143,1.4824,1.4858,46828
2009.12.06,00:00,1.4852,1.4904,1.4582,1.4612,50271
2009.12.13,00:00,1.4618,1.4682,1.4258,1.4330,47186
2009.12.20,00:00,1.4306,1.4415,1.4214,1.4350,24835
2009.12.27,00:00,1.4385,1.4454,1.4270,1.4329,23190
2010.01.03,00:00,1.4298,1.4480,1.4253,1.4403,45921
2010.01.10,00:00,1.4427,1.4577,1.4336,1.4386,45217
2010.01.17,00:00,1.4354,1.4413,1.4022,1.4130,47391
2010.01.24,00:00,1.4152,1.4188,1.3853,1.3853,51539
2010.01.31,00:00,1.3858,1.4016,1.3576,1.3669,50807
2010.02.07,00:00,1.3653,1.3830,1.3523,1.3622,55988
2010.02.14,00:00,1.3621,1.3781,1.3446,1.3611,47803
2010.02.21,00:00,1.3636,1.3691,1.3452,1.3633,50985
2010.02.28,00:00,1.3626,1.3741,1.3439,1.3623,54427
2010.03.07,00:00,1.3634,1.3798,1.3540,1.3770,39788
2010.03.14,00:00,1.3765,1.3820,1.3506,1.3532,38893
2010.03.21,00:00,1.3533,1.3565,1.3260,1.3402,49345
2010.03.28,00:00,1.3468,1.3587,1.3378,1.3496,41712
2010.04.04,00:00,1.3490,1.3533,1.3276,1.3492,40288
2010.04.11,00:00,1.3654,1.3684,1.3466,1.3496,47475
2010.04.18,00:00,1.3467,1.3516,1.3196,1.3373,46650
2010.04.25,00:00,1.3344,1.3417,1.3112,1.3291,57874
2010.05.02,00:00,1.3355,1.3358,1.2518,1.2748,82056
2010.05.09,00:00,1.2917,1.3089,1.2351,1.2360,93491
2010.05.16,00:00,1.2340,1.2669,1.2141,1.2561,114612
2010.05.23,00:00,1.2536,1.2560,1.2151,1.2271,90717
2010.05.30,00:00,1.2267,1.2348,1.1953,1.1965,75406
2010.06.06,00:00,1.1928,1.2151,1.1874,1.2112,73980
2010.06.13,00:00,1.2122,1.2416,1.2114,1.2387,59101
2010.06.20,00:00,1.2462,1.2479,1.2208,1.2369,59199
2010.06.27,00:00,1.2373,1.2610,1.2148,1.2567,61408
2010.07.04,00:00,1.2562,1.2721,1.2479,1.2639,50316
2010.07.11,00:00,1.2637,1.3006,1.2522,1.2930,59466
2010.07.18,00:00,1.2905,1.3027,1.2732,1.2910,59859
2010.07.25,00:00,1.2889,1.3106,1.2876,1.3048,56314
2010.08.01,00:00,1.3063,1.3333,1.3053,1.3278,50384
2010.08.08,00:00,1.3293,1.3307,1.2748,1.2753,61388
2010.08.15,00:00,1.2766,1.2922,1.2663,1.2709,65867
2010.08.22,00:00,1.2705,1.2783,1.2587,1.2760,67619
2010.08.29,00:00,1.2761,1.2897,1.2625,1.2895,57413
2010.09.05,00:00,1.2889,1.2917,1.2646,1.2684,75424
2010.09.12,00:00,1.2721,1.3158,1.2706,1.3048,87365
2010.09.19,00:00,1.3060,1.3494,1.3028,1.3489,88108
2010.09.26,00:00,1.3486,1.3791,1.3380,1.3790,93926
2010.10.03,00:00,1.3801,1.4028,1.3637,1.3937,81670
2010.10.10,00:00,1.3995,1.4157,1.3774,1.3976,83127
2010.10.17,00:00,1.3988,1.4049,1.3697,1.3953,103953
2010.10.24,00:00,1.3973,1.4079,1.3733,1.3945,101231
2010.10.31,00:00,1.3965,1.4281,1.3863,1.4030,103225
2010.11.07,00:00,1.4057,1.4082,1.3570,1.3685,119349
2010.11.14,00:00,1.3703,1.3747,1.3443,1.3670,158296
2010.11.21,00:00,1.3716,1.3786,1.3200,1.3243,208858
2010.11.28,00:00,1.3286,1.3437,1.2968,1.3413,217944
2010.12.05,00:00,1.3376,1.3421,1.3164,1.3224,214617
2010.12.12,00:00,1.3197,1.3497,1.3132,1.3188,199243
2010.12.19,00:00,1.3185,1.3201,1.3054,1.3115,108178
2010.12.26,00:00,1.3114,1.3424,1.3071,1.3361,114449
2011.01.02,00:00,1.3309,1.3433,1.2900,1.2901,144450
2011.01.09,00:00,1.2871,1.3456,1.2869,1.3386,179567
2011.01.16,00:00,1.3384,1.3624,1.3243,1.3620,201740
2011.01.23,00:00,1.3641,1.3757,1.3539,1.3610,205488
2011.01.30,00:00,1.3587,1.3861,1.3542,1.3583,195856
2011.02.06,00:00,1.3563,1.3743,1.3496,1.3549,176385
2011.02.13,00:00,1.3507,1.3714,1.3427,1.3692,182839
2011.02.20,00:00,1.3700,1.3839,1.3525,1.3755,185080
2011.02.27,00:00,1.3762,1.4010,1.3714,1.3990,152765
2011.03.06,00:00,1.3988,1.4035,1.3749,1.3899,140345
2011.03.13,00:00,1.3972,1.4187,1.3857,1.4185,175220
2011.03.20,00:00,1.4180,1.4247,1.4051,1.4088,138522
2011.03.27,00:00,1.4041,1.4248,1.4021,1.4237,138345
2011.04.03,00:00,1.4234,1.4490,1.4154,1.4486,135368
2011.04.10,00:00,1.4475,1.4519,1.4362,1.4429,154327
2011.04.17,00:00,1.4411,1.4648,1.4152,1.4561,154470
2011.04.24,00:00,1.4560,1.4881,1.4493,1.4807,154432
2011.05.01,00:00,1.4811,1.4943,1.4309,1.4318,201766
2011.05.08,00:00,1.4363,1.4441,1.4065,1.4117,232459
2011.05.15,00:00,1.4088,1.4345,1.4047,1.4156,179091
2011.05.22,00:00,1.4125,1.4323,1.3969,1.4317,221743
2011.05.29,00:00,1.4322,1.4642,1.4256,1.4635,184548
2011.06.05,00:00,1.4612,1.4695,1.4321,1.4346,140979
2011.06.12,00:00,1.4325,1.4497,1.4070,1.4309,185354
2011.06.19,00:00,1.4281,1.4441,1.4126,1.4186,168121
2011.06.26,00:00,1.4191,1.4551,1.4102,1.4526,70165
2011.07.03,00:00,1.4534,1.4581,1.4213,1.4263,34009
2011.07.10,00:00,1.4205,1.4280,1.3838,1.4154,35424
2011.07.17,00:00,1.4112,1.4436,1.4015,1.4358,28470
2011.07.24,00:00,1.4387,1.4535,1.4231,1.4398,50049
2011.07.31,00:00,1.4381,1.4451,1.4055,1.4276,38697
2011.08.07,00:00,1.4419,1.4420,1.4103,1.4248,51586
2011.08.14,00:00,1.4267,1.4515,1.4256,1.4395,40588
2011.08.21,00:00,1.4380,1.4501,1.4327,1.4497,35696
2011.08.28,00:00,1.4499,1.4547,1.4184,1.4205,32317
2011.09.04,00:00,1.4161,1.4246,1.3626,1.3654,108739
2011.09.11,00:00,1.3585,1.3936,1.3495,1.3798,138750
2011.09.18,00:00,1.3693,1.3796,1.3383,1.3497,143794
2011.09.25,00:00,1.3522,1.3689,1.3361,1.3386,153071
2011.10.02,00:00,1.3344,1.3524,1.3153,1.3377,152701
2011.10.09,00:00,1.3389,1.3893,1.3377,1.3881,129369
2011.10.16,00:00,1.3869,1.3913,1.3652,1.3895,139640
2011.10.23,00:00,1.3841,1.4246,1.3797,1.4149,143843
2011.10.30,00:00,1.4142,1.4170,1.3608,1.3789,190204
2011.11.06,00:00,1.3778,1.3858,1.3483,1.3753,142670
2011.11.13,00:00,1.3809,1.3812,1.3421,1.3524,140454
2011.11.20,00:00,1.3511,1.3568,1.3211,1.3235,112504
2011.11.27,00:00,1.3323,1.3546,1.3258,1.3392,99626
2011.12.04,00:00,1.3423,1.3485,1.3281,1.3385,87133
2011.12.11,00:00,1.3389,1.3391,1.2945,1.3041,90175
2011.12.18,00:00,1.3042,1.3193,1.2982,1.3044,63921
2011.12.25,00:00,1.3046,1.3082,1.2857,1.2959,20646
2012.01.01,00:00,1.2945,1.3075,1.2696,1.2719,25812
2012.01.08,00:00,1.2694,1.2877,1.2624,1.2678,34315
2012.01.15,00:00,1.2634,1.2985,1.2626,1.2930,31297
2012.01.22,00:00,1.2878,1.3232,1.2871,1.3218,30343
2012.01.29,00:00,1.3226,1.3226,1.3025,1.3157,27784
2012.02.05,00:00,1.3116,1.3326,1.3027,1.3198,28779
2012.02.12,00:00,1.3209,1.3283,1.2975,1.3140,26917
2012.02.19,00:00,1.3190,1.3485,1.3173,1.3448,25380
2012.02.26,00:00,1.3463,1.3485,1.3186,1.3200,26467
2012.03.04,00:00,1.3191,1.3290,1.3091,1.3122,25750
2012.03.11,00:00,1.3112,1.3189,1.3004,1.3174,24168
2012.03.18,00:00,1.3181,1.3292,1.3134,1.3268,22736
2012.03.25,00:00,1.3270,1.3384,1.3192,1.3342,23750
2012.04.01,00:00,1.3360,1.3379,1.3034,1.3096,21226
2012.04.08,00:00,1.3100,1.3211,1.3033,1.3076,22296
2012.04.15,00:00,1.3065,1.3225,1.2994,1.3217,23658
2012.04.22,00:00,1.3183,1.3269,1.3104,1.3250,21202
2012.04.29,00:00,1.3236,1.3283,1.3080,1.3083,17975
2012.05.06,00:00,1.3012,1.3064,1.2905,1.2916,22405
2012.05.13,00:00,1.2900,1.2904,1.2642,1.2780,24735
2012.05.20,00:00,1.2763,1.2823,1.2496,1.2517,26090
2012.05.27,00:00,1.2574,1.2623,1.2288,1.2434,25827
2012.06.03,00:00,1.2417,1.2624,1.2385,1.2515,25923
2012.06.10,00:00,1.2640,1.2667,1.2442,1.2638,24579
2012.06.17,00:00,1.2694,1.2746,1.2519,1.2569,27615
2012.06.24,00:00,1.2546,1.2691,1.2407,1.2660,24257
2012.07.01,00:00,1.2677,1.2678,1.2260,1.2287,20221
2012.07.08,00:00,1.2263,1.2333,1.2162,1.2247,19811
2012.07.15,00:00,1.2266,1.2322,1.2144,1.2159,21119
2012.07.22,00:00,1.2123,1.2389,1.2047,1.2320,42335
2012.07.29,00:00,1.2297,1.2404,1.2133,1.2385,42475
2012.08.05,00:00,1.2397,1.2443,1.2241,1.2289,33627
2012.08.12,00:00,1.2290,1.2385,1.2255,1.2333,29722
2012.08.19,00:00,1.2351,1.2589,1.2294,1.2511,22593
2012.08.26,00:00,1.2512,1.2636,1.2465,1.2573,17915
2012.09.02,00:00,1.2571,1.2816,1.2501,1.2814,20888
2012.09.09,00:00,1.2809,1.3167,1.2754,1.3128,22941
2012.09.16,00:00,1.3120,1.3170,1.2919,1.2979,22783
2012.09.23,00:00,1.2976,1.2988,1.2829,1.2857,21535
2012.09.30,00:00,1.2844,1.3071,1.2804,1.3036,20475
2012.10.07,00:00,1.3025,1.3025,1.2826,1.2950,18670
2012.10.14,00:00,1.2953,1.3138,1.2891,1.3021,18259
2012.10.21,00:00,1.3020,1.3082,1.2883,1.2940,18089
2012.10.28,00:00,1.2941,1.3019,1.2821,1.2836,16023
2012.11.04,00:00,1.2816,1.2875,1.2689,1.2709,19061
2012.11.11,00:00,1.2712,1.2801,1.2661,1.2742,16844
2012.11.18,00:00,1.2749,1.2989,1.2736,1.2974,16486
2012.11.25,00:00,1.2966,1.3026,1.2880,1.2986,12513
2012.12.02,00:00,1.2982,1.3118,1.2873,1.2920,14138
2012.12.09,00:00,1.2885,1.3172,1.2879,1.3161,12995
2012.12.16,00:00,1.3168,1.3307,1.3143,1.3187,12434
2012.12.23,00:00,1.3178,1.3283,1.3165,1.3216,7789
2012.12.30,00:00,1.3213,1.3292,1.2998,1.3068,12209
2013.01.06,00:00,1.3075,1.3364,1.3017,1.3342,16983
2013.01.13,00:00,1.3361,1.3402,1.3257,1.3318,18489
2013.01.20,00:00,1.3309,1.3477,1.3265,1.3458,15574
2013.01.27,00:00,1.3465,1.3710,1.3414,1.3639,14555
2013.02.03,00:00,1.3650,1.3658,1.3353,1.3364,16959
2013.02.10,00:00,1.3368,1.3519,1.3306,1.3359,25255
2013.02.17,00:00,1.3349,1.3431,1.3145,1.3190,22664
2013.02.24,00:00,1.3216,1.3318,1.2966,1.3018,32767
2013.03.03,00:00,1.3012,1.3133,1.2955,1.3003,25726
2013.03.10,00:00,1.2985,1.3106,1.2911,1.3074,28883
2013.03.17,00:00,1.2903,1.3009,1.2843,1.2988,41276
2013.03.24,00:00,1.2947,1.3047,1.2751,1.2819,30656
2013.03.31,00:00,1.2804,1.3039,1.2745,1.2992,29231
2013.04.07,00:00,1.2998,1.3137,1.2968,1.3111,30649
2013.04.14,00:00,1.3114,1.3201,1.3001,1.3051,39135
2013.04.21,00:00,1.3077,1.3092,1.2954,1.3029,30489
2013.04.28,00:00,1.3048,1.3242,1.3031,1.3113,32234
2013.05.05,00:00,1.3122,1.3193,1.2935,1.2989,28485
2013.05.12,00:00,1.2970,1.3028,1.2795,1.2838,33818
2013.05.19,00:00,1.2842,1.2997,1.2819,1.2931,37220
2013.05.26,00:00,1.2934,1.3060,1.2837,1.2996,31865
2013.06.02,00:00,1.2993,1.3305,1.2955,1.3218,41062
2013.06.09,00:00,1.3191,1.3389,1.3177,1.3346,39128
2013.06.16,00:00,1.3347,1.3415,1.3098,1.3121,35968
2013.06.23,00:00,1.3091,1.3150,1.2984,1.3009,33749
2013.06.30,00:00,1.3014,1.3077,1.2805,1.2830,28021
2013.07.07,00:00,1.2810,1.3205,1.2755,1.3067,37976
2013.07.14,00:00,1.3077,1.3176,1.2993,1.3141,30704
2013.07.21,00:00,1.3138,1.3296,1.3136,1.3280,26634
2013.07.28,00:00,1.3287,1.3344,1.3189,1.3279,30613
2013.08.04,00:00,1.3283,1.3399,1.3232,1.3340,20960
2013.08.11,00:00,1.3320,1.3379,1.3205,1.3328,24541
2013.08.18,00:00,1.3335,1.3451,1.3297,1.3382,24710
2013.08.25,00:00,1.3386,1.3400,1.3175,1.3222,22635
2013.09.01,00:00,1.3215,1.3228,1.3106,1.3180,22190
2013.09.08,00:00,1.3166,1.3326,1.3164,1.3295,20757
2013.09.15,00:00,1.3362,1.3569,1.3326,1.3525,21904
2013.09.22,00:00,1.3550,1.3565,1.3463,1.3522,16996
2013.09.29,00:00,1.3493,1.3646,1.3478,1.3557,20985
2013.10.06,00:00,1.3565,1.3607,1.3486,1.3543,17144
2013.10.13,00:00,1.3563,1.3704,1.3473,1.3687,19300
2013.10.20,00:00,1.3686,1.3832,1.3651,1.3804,17529
2013.10.27,00:00,1.3809,1.3817,1.3480,1.3487,21482
2013.11.03,00:00,1.3489,1.3547,1.3296,1.3368,23569
2013.11.10,00:00,1.3357,1.3505,1.3345,1.3496,21101
2013.11.17,00:00,1.3497,1.3576,1.3399,1.3557,23369
2013.11.24,00:00,1.3547,1.3621,1.3489,1.3590,18817
2013.12.01,00:00,1.3587,1.3705,1.3524,1.3705,23080
2013.12.08,00:00,1.3714,1.3810,1.3693,1.3741,18865
2013.12.15,00:00,1.3728,1.3810,1.3624,1.3672,22466
2013.12.22,00:00,1.3671,1.3892,1.3654,1.3748,11552
2013.12.29,00:00,1.3756,1.3818,1.3582,1.3588,15500
2014.01.05,00:00,1.3593,1.3686,1.3548,1.3668,23586
2014.01.12,00:00,1.3678,1.3698,1.3516,1.3540,20056
2014.01.19,00:00,1.3537,1.3738,1.3507,1.3678,21490
2014.01.26,00:00,1.3677,1.3715,1.3478,1.3484,25541
2014.02.02,00:00,1.3483,1.3641,1.3476,1.3634,21764
2014.02.09,00:00,1.3615,1.3714,1.3561,1.3692,17834
2014.02.16,00:00,1.3710,1.3772,1.3686,1.3738,15450
2014.02.23,00:00,1.3734,1.3823,1.3642,1.3801,17207
2014.03.02,00:00,1.3759,1.3914,1.3707,1.3876,19829
2014.03.09,00:00,1.3872,1.3966,1.3833,1.3913,18381
2014.03.16,00:00,1.3912,1.3947,1.3749,1.3792,18307
2014.03.23,00:00,1.3800,1.3875,1.3704,1.3751,18697
2014.03.30,00:00,1.3760,1.3819,1.3672,1.3703,19489
2014.04.06,00:00,1.3697,1.3905,1.3696,1.3884,14745
2014.04.13,00:00,1.3856,1.3863,1.3790,1.3810,13030
2014.04.20,00:00,1.3813,1.3854,1.3784,1.3833,12042
2014.04.27,00:00,1.3845,1.3888,1.3774,1.3870,14761
2014.05.04,00:00,1.3884,1.3993,1.3745,1.3756,14840
2014.05.11,00:00,1.3752,1.3774,1.3648,1.3693,16058
2014.05.18,00:00,1.3692,1.3733,1.3615,1.3630,14495
2014.05.25,00:00,1.3623,1.3669,1.3585,1.3633,15300
2014.06.01,00:00,1.3636,1.3676,1.3502,1.3642,18124
2014.06.08,00:00,1.3643,1.3668,1.3511,1.3539,15672
2014.06.15,00:00,1.3540,1.3642,1.3512,1.3599,16454
2014.06.22,00:00,1.3589,1.3650,1.3573,1.3648,13072
2014.06.29,00:00,1.3642,1.3699,1.3585,1.3594,15068
2014.07.06,00:00,1.3593,1.3650,1.3575,1.3606,13346
2014.07.13,00:00,1.3599,1.3639,1.3490,1.3523,13007
2014.07.20,00:00,1.3528,1.3548,1.3420,1.3427,12024
2014.07.27,00:00,1.3429,1.3443,1.3365,1.3428,13508
2014.08.03,00:00,1.3429,1.3431,1.3331,1.3408,15376
2014.08.10,00:00,1.3409,1.3413,1.3334,1.3397,13473
2014.08.17,00:00,1.3391,1.3397,1.3220,1.3239,15200
2014.08.24,00:00,1.3195,1.3220,1.3131,1.3131,12921
2014.08.31,00:00,1.3127,1.3159,1.2919,1.2950,15696
2014.09.07,00:00,1.2956,1.2978,1.2858,1.2964,23402
2014.09.14,00:00,1.2972,1.2994,1.2827,1.2828,22961
2014.09.21,00:00,1.2832,1.2900,1.2676,1.2682,20205
2014.09.28,00:00,1.2681,1.2714,1.2500,1.2515,27570
2014.10.05,00:00,1.2512,1.2790,1.2508,1.2628,35235
2014.10.12,00:00,1.2629,1.2885,1.2620,1.2760,42309
2014.10.19,00:00,1.2750,1.2839,1.2613,1.2669,27177
2014.10.26,00:00,1.2674,1.2769,1.2485,1.2523,31647
2014.11.02,00:00,1.2506,1.2576,1.2357,1.2454,37049
2014.11.09,00:00,1.2471,1.2545,1.2394,1.2525,30947
2014.11.16,00:00,1.2531,1.2599,1.2374,1.2389,32877
2014.11.23,00:00,1.2362,1.2530,1.2360,1.2451,23659
2014.11.30,00:00,1.2455,1.2505,1.2270,1.2284,30689
2014.12.07,00:00,1.2287,1.2494,1.2246,1.2461,36115
2014.12.14,00:00,1.2475,1.2569,1.2220,1.2227,41023
2014.12.21,00:00,1.2222,1.2272,1.2164,1.2180,11469
2014.12.28,00:00,1.2179,1.2220,1.2000,1.2002,15559
2015.01.04,00:00,1.1954,1.1975,1.1753,1.1840,37071
2015.01.11,00:00,1.1849,1.1870,1.1460,1.1566,48489
2015.01.18,00:00,1.1553,1.1678,1.1114,1.1204,47984
2015.01.25,00:00,1.1152,1.1422,1.1097,1.1286,49221
2015.02.01,00:00,1.1312,1.1533,1.1292,1.1314,45450
2015.02.08,00:00,1.1295,1.1442,1.1269,1.1391,37491
2015.02.15,00:00,1.1399,1.1449,1.1278,1.1379,34739
2015.02.22,00:00,1.1394,1.1395,1.1175,1.1194,31757
2015.03.01,00:00,1.1181,1.1240,1.0839,1.0842,32073
2015.03.08,00:00,1.0833,1.0906,1.0462,1.0494,46432
2015.03.15,00:00,1.0491,1.1043,1.0479,1.0820,64563
2015.03.22,00:00,1.0866,1.1051,1.0767,1.0887,65241
2015.03.29,00:00,1.0885,1.1025,1.0712,1.0969,35827
2015.04.05,00:00,1.1002,1.1035,1.0567,1.0603,44366
2015.04.12,00:00,1.0586,1.0848,1.0520,1.0807,61357
2015.04.19,00:00,1.0820,1.0899,1.0659,1.0874,51746
2015.04.26,00:00,1.0866,1.1289,1.0819,1.1197,54361
2015.05.03,00:00,1.1194,1.1391,1.1066,1.1199,61857
2015.05.10,00:00,1.1200,1.1466,1.1130,1.1449,55693
2015.05.17,00:00,1.1447,1.1448,1.1001,1.1013,58836
2015.05.24,00:00,1.1002,1.1009,1.0818,1.0988,51728
2015.05.31,00:00,1.0980,1.1379,1.0886,1.1113,71550
2015.06.07,00:00,1.1097,1.1385,1.1083,1.1265,80016
2015.06.14,00:00,1.1211,1.1436,1.1188,1.1352,64396
2015.06.21,00:00,1.1377,1.1409,1.1129,1.1165,61100
2015.06.28,00:00,1.1006,1.1277,1.0953,1.1110,51215
2015.07.05,00:00,1.0991,1.1215,1.0915,1.1158,57077
2015.07.12,00:00,1.1094,1.1196,1.0828,1.0828,46560
2015.07.19,00:00,1.0830,1.1017,1.0808,1.0983,36967
2015.07.26,00:00,1.0982,1.1128,1.0893,1.0984,41737
2015.08.02,00:00,1.0972,1.0995,1.0847,1.0964,37218
2015.08.09,00:00,1.0963,1.1213,1.0925,1.1110,39898
2015.08.16,00:00,1.1117,1.1388,1.1016,1.1384,38576
2015.08.23,00:00,1.1377,1.1712,1.1155,1.1185,81471
2015.08.30,00:00,1.1173,1.1331,1.1087,1.1152,47828
2015.09.06,00:00,1.1164,1.1349,1.1121,1.1338,39550
2015.09.13,00:00,1.1331,1.1459,1.1213,1.1299,40426
2015.09.20,00:00,1.1283,1.1329,1.1104,1.1195,44806
2015.09.27,00:00,1.1186,1.1318,1.1134,1.1210,46042
2015.10.04,00:00,1.1219,1.1386,1.1171,1.1357,40507
2015.10.11,00:00,1.1361,1.1494,1.1334,1.1348,34374
2015.10.18,00:00,1.1359,1.1386,1.0996,1.1017,37246
2015.10.25,00:00,1.1006,1.1095,1.0896,1.1003,42812
2015.11.01,00:00,1.1034,1.1052,1.0707,1.0740,39550
2015.11.08,00:00,1.0729,1.0829,1.0673,1.0772,42255
2015.11.15,00:00,1.0740,1.0762,1.0616,1.0645,37593
2015.11.22,00:00,1.0638,1.0688,1.0565,1.0593,31750
2015.11.29,00:00,1.0588,1.0980,1.0514,1.0879,51407
2015.12.06,00:00,1.0871,1.1042,1.0795,1.0986,39754
2015.12.13,00:00,1.0983,1.1059,1.0802,1.0866,48828
2015.12.20,00:00,1.0854,1.0983,1.0847,1.0952,22281
2015.12.27,00:00,1.0953,1.0992,1.0852,1.0861,18576
2016.01.03,00:00,1.0872,1.0945,1.0710,1.0924,48837
2016.01.10,00:00,1.0919,1.0984,1.0804,1.0915,45356
2016.01.17,00:00,1.0925,1.0975,1.0777,1.0797,46039
2016.01.24,00:00,1.0792,1.0967,1.0789,1.0830,39992
2016.01.31,00:00,1.0832,1.1238,1.0814,1.1155,50559
2016.02.07,00:00,1.1142,1.1376,1.1086,1.1254,76816
2016.02.14,00:00,1.1236,1.1250,1.1066,1.1130,43450
2016.02.21,00:00,1.1111,1.1124,1.0911,1.0931,42313
2016.02.28,00:00,1.0913,1.1043,1.0825,1.1005,42844
2016.03.06,00:00,1.0989,1.1217,1.0821,1.1147,52072
2016.03.13,00:00,1.1145,1.1342,1.1057,1.1269,45064
2016.03.20,00:00,1.1268,1.1284,1.1143,1.1166,31902
2016.03.27,00:00,1.1165,1.1437,1.1152,1.1389,39535
2016.04.03,00:00,1.1400,1.1453,1.1326,1.1401,40313
2016.04.10,00:00,1.1418,1.1464,1.1233,1.1282,36271
2016.04.17,00:00,1.1303,1.1395,1.1217,1.1222,34743
2016.04.24,00:00,1.1217,1.1458,1.1217,1.1452,37554
2016.05.01,00:00,1.1459,1.1615,1.1385,1.1403,41709
2016.05.08,00:00,1.1395,1.1446,1.1282,1.1310,30638
2016.05.15,00:00,1.1311,1.1348,1.1179,1.1222,29232
2016.05.22,00:00,1.1208,1.1242,1.1110,1.1114,27801
2016.05.29,00:00,1.1113,1.1373,1.1097,1.1365,33589
2016.06.05,00:00,1.1355,1.1415,1.1244,1.1250,32568
2016.06.12,00:00,1.1249,1.1302,1.1130,1.1278,42373
2016.06.19,00:00,1.1332,1.1427,1.0911,1.1119,84866
2016.06.26,00:00,1.1012,1.1168,1.0970,1.1137,60755
2016.07.03,00:00,1.1129,1.1185,1.1001,1.1050,40696
2016.07.10,00:00,1.1051,1.1164,1.1015,1.1031,42049
2016.07.17,00:00,1.1048,1.1083,1.0953,1.0973,38663
2016.07.24,00:00,1.0970,1.1194,1.0949,1.1171,35803
2016.07.31,00:00,1.1170,1.1231,1.1043,1.1082,28325
2016.08.07,00:00,1.1080,1.1218,1.1068,1.1158,24084
2016.08.14,00:00,1.1166,1.1363,1.1151,1.1321,30261
2016.08.21,00:00,1.1305,1.1352,1.1178,1.1191,30221
2016.08.28,00:00,1.1174,1.1249,1.1120,1.1153,31425
2016.09.04,00:00,1.1155,1.1324,1.1137,1.1234,30708
2016.09.11,00:00,1.1236,1.1283,1.1147,1.1153,34353
2016.09.18,00:00,1.1148,1.1254,1.1120,1.1224,29273
2016.09.25,00:00,1.1225,1.1280,1.1150,1.1240,28414
2016.10.02,00:00,1.1229,1.1243,1.1104,1.1200,32097
2016.10.09,00:00,1.1179,1.1203,1.0970,1.0970,28378
2016.10.16,00:00,1.0968,1.1039,1.0856,1.0880,25141
2016.10.23,00:00,1.0877,1.0991,1.0850,1.0985,25893
2016.10.30,00:00,1.0984,1.1141,1.0935,1.1139,28935
2016.11.06,00:00,1.1060,1.1299,1.0830,1.0854,59226
2016.11.13,00:00,1.0858,1.0858,1.0568,1.0587,51143
2016.11.20,00:00,1.0592,1.0657,1.0517,1.0584,44078
2016.11.27,00:00,1.0610,1.0689,1.0550,1.0664,46525
2016.12.04,00:00,1.0665,1.0872,1.0505,1.0558,50186
2016.12.11,00:00,1.0533,1.0669,1.0366,1.0449,47510
2016.12.18,00:00,1.0441,1.0498,1.0351,1.0456,31530
2016.12.25,00:00,1.0461,1.0654,1.0371,1.0517,36194
2017.01.01,00:00,1.0523,1.0622,1.0339,1.0532,50990
2017.01.08,00:00,1.0530,1.0684,1.0453,1.0643,57430
2017.01.15,00:00,1.0606,1.0718,1.0578,1.0702,55304
2017.01.22,00:00,1.0701,1.0774,1.0657,1.0697,43676
2017.01.29,00:00,1.0722,1.0828,1.0619,1.0784,50170
2017.02.05,00:00,1.0789,1.0791,1.0607,1.0639,39955
2017.02.12,00:00,1.0628,1.0678,1.0520,1.0613,36614
2017.02.19,00:00,1.0607,1.0632,1.0493,1.0561,35263
2017.02.26,00:00,1.0563,1.0630,1.0494,1.0620,37822
2017.03.05,00:00,1.0609,1.0698,1.0524,1.0674,35024
2017.03.12,00:00,1.0685,1.0781,1.0599,1.0737,33592
2017.03.19,00:00,1.0739,1.0824,1.0718,1.0798,30278
2017.03.26,00:00,1.0839,1.0905,1.0651,1.0654,28562
2017.04.02,00:00,1.0662,1.0688,1.0580,1.0589,25479
2017.04.09,00:00,1.0587,1.0677,1.0569,1.0611,21627
2017.04.16,00:00,1.0617,1.0777,1.0602,1.0728,22604
2017.04.23,00:00,1.0857,1.0950,1.0851,1.0894,27689
2017.04.30,00:00,1.0912,1.0999,1.0874,1.0997,27742
2017.05.07,00:00,1.1019,1.1021,1.0838,1.0931,28572
2017.05.14,00:00,1.0930,1.1211,1.0922,1.1206,31439
2017.05.21,00:00,1.1195,1.1267,1.1160,1.1180,32722
2017.05.28,00:00,1.1182,1.1284,1.1109,1.1280,26340
2017.06.04,00:00,1.1273,1.1283,1.1166,1.1194,30656
2017.06.11,00:00,1.1207,1.1295,1.1131,1.1197,28357
2017.06.18,00:00,1.1207,1.1212,1.1118,1.1193,21453
2017.06.25,00:00,1.1198,1.1445,1.1171,1.1425,34048
2017.07.02,00:00,1.1418,1.1439,1.1312,1.1399,27484
2017.07.09,00:00,1.1398,1.1489,1.1370,1.1469,29460
2017.07.16,00:00,1.1473,1.1682,1.1434,1.1662,32388
2017.07.23,00:00,1.1664,1.1776,1.1612,1.1749,36263
2017.07.30,00:00,1.1746,1.1909,1.1722,1.1769,33443
2017.08.06,00:00,1.1772,1.1845,1.1688,1.1819,30723
2017.08.13,00:00,1.1821,1.1837,1.1662,1.1759,34078
2017.08.20,00:00,1.1756,1.1940,1.1730,1.1923,26823
2017.08.27,00:00,1.1944,1.2069,1.1822,1.1859,38032
2017.09.03,00:00,1.1883,1.2091,1.1868,1.2034,45126
2017.09.10,00:00,1.2017,1.2029,1.1837,1.1939,38726
2017.09.17,00:00,1.1920,1.2031,1.1861,1.1954,39596
2017.09.24,00:00,1.1898,1.1936,1.1716,1.1813,35477
2017.10.01,00:00,1.1791,1.1814,1.1669,1.1732,28367
2017.10.08,00:00,1.1728,1.1879,1.1719,1.1819,26464
2017.10.15,00:00,1.1811,1.1857,1.1729,1.1780,26505
2017.10.22,00:00,1.1763,1.1836,1.1574,1.1606,33942
2017.10.29,00:00,1.1605,1.1690,1.1593,1.1607,30431
2017.11.05,00:00,1.1613,1.1677,1.1553,1.1664,25603
2017.11.12,00:00,1.1657,1.1859,1.1637,1.1789,26612
2017.11.19,00:00,1.1786,1.1943,1.1712,1.1930,25046
2017.11.26,00:00,1.1925,1.1960,1.1808,1.1895,38723
2017.12.03,00:00,1.1862,1.1878,1.1729,1.1772,27944
2017.12.10,00:00,1.1763,1.1861,1.1717,1.1748,26839
2017.12.17,00:00,1.1742,1.1901,1.1737,1.1862,25632
2017.12.24,00:00,1.1870,1.2025,1.1846,1.2001,14692
2017.12.31,00:00,1.2011,1.2088,1.2000,1.2027,21440
2018.01.07,00:00,1.2026,1.2218,1.1915,1.2198,38616
2018.01.14,00:00,1.2194,1.2323,1.2166,1.2220,48114
2018.01.21,00:00,1.2269,1.2538,1.2214,1.2426,61621
2018.01.28,00:00,1.2425,1.2522,1.2335,1.2454,58454
2018.02.04,00:00,1.2434,1.2475,1.2206,1.2249,65125
2018.02.11,00:00,1.2248,1.2555,1.2235,1.2406,47711
2018.02.18,00:00,1.2403,1.2435,1.2260,1.2294,44125
2018.02.25,00:00,1.2293,1.2355,1.2155,1.2317,43993
2018.03.04,00:00,1.2326,1.2446,1.2269,1.2307,44511
2018.03.11,00:00,1.2311,1.2413,1.2260,1.2288,34578
2018.03.18,00:00,1.2289,1.2388,1.2239,1.2351,43827
2018.03.25,00:00,1.2351,1.2477,1.2284,1.2322,31263
2018.04.01,00:00,1.2320,1.2345,1.2216,1.2280,32601
2018.04.08,00:00,1.2285,1.2396,1.2261,1.2329,37607
2018.04.15,00:00,1.2332,1.2414,1.2250,1.2288,33940
2018.04.22,00:00,1.2272,1.2290,1.2056,1.2130,36769
2018.04.29,00:00,1.2123,1.2139,1.1911,1.1961,40457
2018.05.06,00:00,1.1957,1.1978,1.1823,1.1940,37256
2018.05.13,00:00,1.1944,1.1996,1.1750,1.1770,38721
2018.05.20,00:00,1.1775,1.1830,1.1645,1.1647,43809
2018.05.27,00:00,1.1685,1.1728,1.1510,1.1660,54965
2018.06.03,00:00,1.1661,1.1840,1.1653,1.1768,39576
2018.06.10,00:00,1.1775,1.1852,1.1543,1.1607,42820
2018.06.17,00:00,1.1588,1.1675,1.1508,1.1656,45644
2018.06.24,00:00,1.1666,1.1720,1.1527,1.1683,47831
2018.07.01,00:00,1.1675,1.1767,1.1591,1.1745,34749
2018.07.08,00:00,1.1743,1.1791,1.1613,1.1684,35302
2018.07.15,00:00,1.1691,1.1745,1.1575,1.1721,38899
2018.07.22,00:00,1.1723,1.1750,1.1621,1.1658,33199
2018.07.29,00:00,1.1659,1.1746,1.1560,1.1566,27681
2018.08.05,00:00,1.1569,1.1628,1.1388,1.1410,29948
2018.08.12,00:00,1.1373,1.1445,1.1301,1.1438,39247
2018.08.19,00:00,1.1439,1.1640,1.1395,1.1622,34849
2018.08.26,00:00,1.1620,1.1734,1.1585,1.1602,35550
2018.09.02,00:00,1.1597,1.1659,1.1530,1.1554,37275
2018.09.09,00:00,1.1550,1.1722,1.1526,1.1624,30634
2018.09.16,00:00,1.1624,1.1803,1.1618,1.1748,32527
2018.09.23,00:00,1.1747,1.1815,1.1570,1.1602,36966
2018.09.30,00:00,1.1617,1.1624,1.1463,1.1522,40575
2018.10.07,00:00,1.1523,1.1610,1.1432,1.1559,45863
2018.10.14,00:00,1.1541,1.1621,1.1433,1.1513,42499
2018.10.21,00:00,1.1516,1.1550,1.1336,1.1401,35415
2018.10.28,00:00,1.1400,1.1456,1.1302,1.1388,32320
2018.11.04,00:00,1.1387,1.1500,1.1317,1.1335,34422
2018.11.11,00:00,1.1324,1.1420,1.1215,1.1418,41399
2018.11.18,00:00,1.1414,1.1472,1.1328,1.1338,27432
2018.11.25,00:00,1.1339,1.1402,1.1267,1.1316,32357
2018.12.02,00:00,1.1329,1.1424,1.1311,1.1379,34211
2018.12.09,00:00,1.1384,1.1443,1.1270,1.1305,34512
2018.12.16,00:00,1.1302,1.1486,1.1302,1.1373,36888
2018.12.23,00:00,1.1377,1.1473,1.1343,1.1444,29416
2018.12.30,00:00,1.1443,1.1497,1.1285,1.1395,36480
2019.01.06,00:00,1.1396,1.1570,1.1396,1.1468,38798
2019.01.13,00:00,1.1460,1.1490,1.1353,1.1361,36147
2019.01.20,00:00,1.1362,1.1418,1.1290,1.1405,32194
2019.01.27,00:00,1.1402,1.1514,1.1390,1.1456,34790
2019.02.03,00:00,1.1454,1.1461,1.1321,1.1321,25632
2019.02.10,00:00,1.1320,1.1342,1.1234,1.1292,27497
2019.02.17,00:00,1.1293,1.1371,1.1276,1.1334,28148
2019.02.24,00:00,1.1336,1.1420,1.1327,1.1365,29180
2019.03.03,00:00,1.1367,1.1382,1.1177,1.1234,28012
2019.03.10,00:00,1.1233,1.1344,1.1222,1.1325,26130
2019.03.17,00:00,1.1322,1.1448,1.1273,1.1300,29062
2019.03.24,00:00,1.1296,1.1331,1.1210,1.1217,29203
2019.03.31,00:00,1.1230,1.1255,1.1184,1.1214,23602
2019.04.07,00:00,1.1216,1.1324,1.1212,1.1299,15758
2019.04.14,00:00,1.1301,1.1324,1.1226,1.1244,14663
2019.04.21,00:00,1.1243,1.1263,1.1113,1.1149,15797
2019.04.28,00:00,1.1148,1.1265,1.1136,1.1200,16359
2019.05.05,00:00,1.1197,1.1254,1.1167,1.1232,18710
2019.05.12,00:00,1.1235,1.1264,1.1155,1.1157,15968
2019.05.19,00:00,1.1160,1.1213,1.1109,1.1203,15286
2019.05.26,00:00,1.1205,1.1216,1.1117,1.1169,14756
2019.06.02,00:00,1.1165,1.1348,1.1161,1.1333,20950
2019.06.09,00:00,1.1323,1.1344,1.1203,1.1209,16787
2019.06.16,00:00,1.1211,1.1378,1.1182,1.1369,19854
2019.06.23,00:00,1.1371,1.1412,1.1345,1.1374,18795
2019.06.30,00:00,1.1369,1.1372,1.1208,1.1226,15990
2019.07.07,00:00,1.1224,1.1286,1.1194,1.1270,15688
2019.07.14,00:00,1.1271,1.1284,1.1200,1.1220,16535
2019.07.21,00:00,1.1219,1.1226,1.1102,1.1128,16208
2019.07.28,00:00,1.1127,1.1163,1.1028,1.1108,20533
2019.08.04,00:00,1.1107,1.1250,1.1104,1.1199,22463
2019.08.11,00:00,1.1198,1.1231,1.1067,1.1090,19946
2019.08.18,00:00,1.1091,1.1154,1.1052,1.1143,17300
2019.08.25,00:00,1.1144,1.1164,1.0964,1.0989,19125
2019.09.01,00:00,1.0988,1.1085,1.0927,1.1029,18295
2019.09.08,00:00,1.1028,1.1110,1.0928,1.1074,19620
2019.09.15,00:00,1.1075,1.1087,1.0991,1.1017,19106
2019.09.22,00:00,1.1016,1.1026,1.0906,1.0939,18926
2019.09.29,00:00,1.0940,1.1000,1.0880,1.0980,20077
2019.10.06,00:00,1.0981,1.1063,1.0942,1.1037,24936
2019.10.13,00:00,1.1035,1.1172,1.0992,1.1171,19551
2019.10.20,00:00,1.1161,1.1180,1.1073,1.1081,15390
2019.10.27,00:00,1.1082,1.1176,1.1074,1.1165,16319
2019.11.03,00:00,1.1171,1.1176,1.1017,1.1020,16138
2019.11.10,00:00,1.1021,1.1057,1.0990,1.1052,13845
2019.11.17,00:00,1.1053,1.1097,1.1015,1.1022,13642
2019.11.24,00:00,1.1021,1.1032,1.0982,1.1018,12684
2019.12.01,00:00,1.1023,1.1117,1.1003,1.1062,14562
2019.12.08,00:00,1.1061,1.1098,1.1054,1.1086,6613
